5.902283502841711993e-01 -6.055218519221363671e-01
5.105829801300405535e-01 8.500834993317188948e-01
4.191422268151099861e-01 2.306389710860904607e+00
7.926610661486638287e-01 3.060032699685617974e+00
3.175889442469545521e-01 3.767675901063000765e+00
6.878325966737969255e-01 4.524641885195661573e+00
1.057391500776846849e+00 5.283194660219893812e+00
5.842255980640390645e-01 5.991724420348403690e+00
1.120452649165333825e-01 6.698736389934799362e+00
4.848259716690724308e-01 7.459695213023339377e+00
1.504615516737970067e-02 8.165786479198681391e+00
3.892915489262054329e-01 8.928284415225508752e+00
-7.883635238580706528e-02 9.633771194943326677e+00
-5.465211196828703155e-01 1.033882373058220239e+01
-1.723819198625363147e-01 1.110258962271790928e+01
-6.410200374199775952e-01 1.180734736027954490e+01
-2.696126305808773105e-01 1.257079959193148966e+01
-7.413627380707670245e-01 1.327429595720825795e+01
-3.727313706561078410e-01 1.403633476772079369e+01
-4.972038575058818077e-03 1.479815367722737740e+01
-4.811518574877641230e-01 1.549853648231683145e+01
-1.153620587514839757e-01 1.625912045409863182e+01
-5.929964930820166291e-01 1.695849300687826045e+01
-2.286820007474806016e-01 1.771875426819956800e+01
1.345635856486052939e-01 1.847958280821157828e+01
-3.418242494187236358e-01 1.917944711776762645e+01
2.179196761186144582e-02 1.994145761699373054e+01
3.860707059976428712e-01 2.070425874616174866e+01
-8.202775785674509823e-02 2.140678642995178294e+01
2.893600603174185659e-01 2.217061552739814800e+01
-1.714402324939138522e-01 2.287365399440152913e+01
2.075592059521385591e-01 2.363578795880205874e+01
1.436560598767503194e+00 -5.524449250003371503e-01
9.756201520786246251e-01 1.482433189717483057e-01
8.913231427488916836e-01 1.601143268176232537e+00
1.267853866583647848e+00 2.351858582124831010e+00
1.639236442906517155e+00 3.105017480299621102e+00
1.163056810995241497e+00 3.815460731526554294e+00
1.531652205978978998e+00 4.573055431301265017e+00
1.427057616985634381e+00 6.043406805952542982e+00
9.554788811102649104e-01 6.752332745791124857e+00
1.327333309736434375e+00 7.514404978427179138e+00
8.580345652286697211e-01 8.221957076029198674e+00
1.231405160930438392e+00 8.985537681438460211e+00
7.633855798523839775e-01 9.691950063126197890e+00
2.955276851734940369e-01 1.039753039791111355e+01
6.690192664635787878e-01 1.116212870282733327e+01
2.003437572840364445e-01 1.186677452032458646e+01
5.719307650702595280e-01 1.263121333138835389e+01
1.005545169064036293e-01 1.333412833709050105e+01
4.697131244174957421e-01 1.409734507831301187e+01
8.378613300630242122e-01 1.486051567913100513e+01
3.618331931878827068e-01 1.555989703107541722e+01
7.274745082529675555e-01 1.632167604670067007e+01
2.493375736440231472e-01 1.701989935126968945e+01
6.127234675422132959e-01 1.778094879621678359e+01
9.746801069023713904e-01 1.854228298510737361e+01
4.968372783349916944e-01 1.924100635306520957e+01
8.586264339277990265e-01 2.000299882669095553e+01
1.221121502663357505e+00 2.076544335385734641e+01
7.527952989687726193e-01 2.146754489262929155e+01
1.124645823922797438e+00 2.223055479653814714e+01
6.660801813558395734e-01 2.293341141744817691e+01
1.048680308045992549e+00 2.369322020776905191e+01
1.827937795657777365e+00 1.944164014571934662e-01
1.361402452994303847e+00 8.969020732907492244e-01
1.742890815980672858e+00 1.643557553282716466e+00
2.116538998255877768e+00 2.393321272627337848e+00
2.007206515029027027e+00 3.861253575768104795e+00
2.373772525999835459e+00 4.620163624767974930e+00
1.899733389569651987e+00 5.332727648038547485e+00
2.268142063796526386e+00 6.094406217772355916e+00
1.797298100865927228e+00 6.805307877152785956e+00
2.168285278591715048e+00 7.568900054262881483e+00
1.699694541336174147e+00 8.277964284063385136e+00
2.072307999151033364e+00 9.043000928100434876e+00
1.604670575644548070e+00 9.750437899956512666e+00
1.136968058674638238e+00 1.045673901728726918e+01
1.509913203306497698e+00 1.122258613091764445e+01
1.041555939448775892e+00 1.192741298539479367e+01
1.413298304177395881e+00 1.269324998652264647e+01
9.425123527938624735e-01 1.339581160299826479e+01
1.312126546187036835e+00 1.416054192494555863e+01
1.680651065476997941e+00 1.492542384595625826e+01
1.204843534483328593e+00 1.562371118341580889e+01
1.570418161079174757e+00 1.638697461958896184e+01
1.091697302383710211e+00 1.708354481641611855e+01
1.454267696275043598e+00 1.784549168555445320e+01
1.815035345669799405e+00 1.860744096692918959e+01
1.335307539693096901e+00 1.930386835909282439e+01
1.695130741086839921e+00 2.006562433034815740e+01
2.055559630394835580e+00 2.082736491315792193e+01
1.586736817256177323e+00 2.152797631659619171e+01
1.959482457627905516e+00 2.228956461281125101e+01
1.504266364437881531e+00 2.299161052792836557e+01
1.892596383171077479e+00 2.374761599354679120e+01
2.288866703838824179e+00 -5.057398312343637237e-01
2.688558815924828593e+00 2.295061762038360653e-01
2.217052417356917271e+00 9.357449601436561570e-01
2.595192901589560730e+00 1.680198341803263329e+00
2.484301774986877653e+00 3.147689849353813241e+00
2.849480254857620132e+00 3.905568548683686636e+00
2.740200634897467236e+00 5.381507231385207923e+00
3.107298384176976125e+00 6.145158467559330262e+00
2.637364980429881989e+00 6.858046650196884642e+00
3.007583207014426829e+00 7.623597635374204984e+00
2.539927454675773966e+00 8.334156091908340613e+00
2.911915106691191468e+00 9.101038820080082914e+00
2.444858615432613291e+00 9.809513483383801358e+00
1.977554352924817849e+00 1.051664689361778215e+01
2.349974186450174862e+00 1.128416442292184740e+01
1.882256865292500025e+00 1.198940986958738186e+01
2.254171343254297799e+00 1.275710307111793007e+01
1.784258838457805307e+00 1.345952960418878241e+01
2.154317514411691725e+00 1.422620054483353513e+01
2.523233018685520079e+00 1.499327321002866142e+01
2.047861496343873267e+00 1.569049460003362206e+01
2.413486839452088528e+00 1.645578161951400986e+01
1.934313719165331680e+00 1.715029641842906116e+01
2.296266630552894483e+00 1.791359724749388960e+01
2.656057474592777634e+00 1.867671600756751360e+01
2.174038538162225365e+00 1.936925762079849633e+01
2.531754036363475624e+00 2.013073575664339643e+01
2.889748349255963245e+00 2.089149858104552138e+01
2.419815243570077712e+00 2.158854957718283174e+01
2.794017984195030557e+00 2.234751305356000017e+01
2.343783374004793085e+00 2.304757977155060544e+01
2.741907623636925528e+00 2.379625173617839451e+01
3.153407212424661932e+00 -4.733183128037925513e-01
3.075586871956800028e+00 9.650163996545536582e-01
3.444227212922431836e+00 1.713893990182743909e+00
2.963212056103432968e+00 2.432105070376484601e+00
3.327155956658698344e+00 3.188683202610324674e+00
3.213862855111436101e+00 4.666440713709378407e+00
3.578574800002998213e+00 5.430046304107517763e+00
3.944370214798372132e+00 6.196245108881880626e+00
3.475551903739295234e+00 6.911034775619169679e+00
3.845144388081080500e+00 7.679037827565913688e+00
3.378665645136913476e+00 8.390982711167243480e+00
3.750183961623821283e+00 9.160119950597865213e+00
3.283838005070732979e+00 9.869543332315505069e+00
2.817074587110999673e+00 1.057753077481723025e+01
3.188909436043528611e+00 1.134713017369677424e+01
2.722099969815638509e+00 1.205298589937294373e+01
3.094249242956221835e+00 1.282302980136762294e+01
2.625529450841042944e+00 1.352553030111311649e+01
2.996045637658829808e+00 1.429463643484113788e+01
3.365340232046396984e+00 1.506446866271208762e+01
2.890711462485485939e+00 1.576080889829371223e+01
3.256457132845753222e+00 1.652890196874290751e+01
2.777243664254341660e+00 1.722127683838582257e+01
3.138844376127478686e+00 1.798691449046499358e+01
3.497993344067450661e+00 1.875255617327954383e+01
3.013595760014901703e+00 1.943939933474438320e+01
3.369191147851730239e+00 2.020127346205429575e+01
3.724451403485340428e+00 2.096168890146730135e+01
3.252281426825579747e+00 2.165054269135928067e+01
3.629065056750139462e+00 2.240451900153436071e+01
3.186284695131900602e+00 2.309927167912674406e+01
3.604654646656997308e+00 2.382945951325494249e+01
3.558568207532690320e+00 2.460068670926586487e-01
3.927627535929111069e+00 9.917597336652406170e-01
4.289365000715464227e+00 1.745551794530232792e+00
3.807060325864756400e+00 2.468997611978328788e+00
4.167377509813785963e+00 3.228741884492814407e+00
3.689492462319641231e+00 3.948980230783602163e+00
4.051679328877201058e+00 4.712531107306511480e+00
4.414689150843590149e+00 5.479088322777680986e+00
4.779237465202610835e+00 6.248492459923235209e+00
4.311746765858643471e+00 6.964923963342839031e+00
4.680910923370923626e+00 7.735923083538264855e+00
4.215878610787941128e+00 8.449022710996043628e+00
4.121561149738717234e+00 9.930980808818297589e+00
3.655366309279527215e+00 1.063973606286918283e+01
4.026453989732572403e+00 1.141178841129716837e+01
3.560737523117664338e+00 1.211841170922870248e+01
3.933261401965920889e+00 1.289133419904633371e+01
3.466060497235145643e+00 1.359410713708813923e+01
3.837040234831963215e+00 1.436618801006489043e+01
4.206626030524371451e+00 1.513941479529762901e+01
3.733035892684799961e+00 1.583518645366397770e+01
4.098803515243726991e+00 1.660706096174464719e+01
3.620186538664817100e+00 1.729766393600289831e+01
3.981600561913556380e+00 1.806722339619282636e+01
4.340314438882667325e+00 1.883777207646164342e+01
3.854416972912071415e+00 1.951799299033632096e+01
4.208091658194106799e+00 2.028298361650397297e+01
4.560412104155751045e+00 2.104732385027174857e+01
4.085132960250072109e+00 2.171889208282491879e+01
4.468937880703324872e+00 2.246547989992307492e+01
4.038134685206262731e+00 2.314017251392266417e+01
4.046316761738752099e+00 2.451879871237485276e+01
4.413679528825714904e+00 2.631757092687543875e-01
4.774080935689066330e+00 1.016750627410657248e+00
4.647694990415615734e+00 2.505081781790567508e+00
5.004751383368194695e+00 3.269225809171814490e+00
4.526991972539162745e+00 3.992372434840689266e+00
4.887069355497724921e+00 4.759467761744259562e+00
5.248453578352603621e+00 5.529757627236209672e+00
5.611847785148841972e+00 6.303029807685669894e+00
5.145868773697962695e+00 7.020582735724373968e+00
5.514865895802961937e+00 7.795111773045529269e+00
5.051588827476088284e+00 8.508988863294174365e+00
4.587135045601203664e+00 9.220823048512853504e+00
4.958069997099821435e+00 9.994345560006848928e+00
4.492340104771623821e+00 1.070365669381999929e+01
4.862375147224411442e+00 1.147843346186937730e+01
4.397790910895712280e+00 1.218597007499753104e+01
4.770990543661366878e+00 1.296234094101332524e+01
4.305608775701634805e+00 1.366558331225164657e+01
4.677025042993657955e+00 1.444121246832706262e+01
5.046694149548843988e+00 1.521854217375269691e+01
4.574325187537580995e+00 1.591414164589271252e+01
4.939741295503559115e+00 1.669096386410978639e+01
4.462344942622707755e+00 1.738049200858007026e+01
4.823296269776401246e+00 1.815609543700183437e+01
5.180993761262724817e+00 1.893500431872548972e+01
4.695742961910625901e+00 1.960974645279251760e+01
5.046965379182100087e+00 2.038450519678974615e+01
5.392991192640755216e+00 2.116781192930268674e+01
4.919643179760971208e+00 2.181070746020058948e+01
5.072445308922908680e+00 2.300631553596434387e+01
4.545630717961986811e+00 2.377516246358418428e+01
4.903354731897328733e+00 2.452449576639817863e+01
5.261246688921646708e+00 2.808627966439875556e-01
5.615704407264343168e+00 1.044296547651124785e+00
5.130477078349509945e+00 1.777108871663756862e+00
5.485068083690908480e+00 2.542751611021738078e+00
5.839333627589289755e+00 3.312692954002615764e+00
5.361880969306859868e+00 4.037311314702392018e+00
5.720018909573293620e+00 4.808879587017265145e+00
6.079906247581162049e+00 5.583589882287006034e+00
6.442258743502192964e+00 6.361168032577331211e+00
5.977894899504961224e+00 7.079057248987457029e+00
5.885893846963799803e+00 8.571666169651591005e+00
5.422879541762609001e+00 9.283804761482381096e+00
5.793529141727151277e+00 1.006015084733103393e+01
5.328018859029255871e+00 1.076968260406712652e+01
5.696492880512012746e+00 1.154725481579368029e+01
5.232789833947943059e+00 1.225588134059027290e+01
5.607315659770680583e+00 1.303635083558199881e+01
5.143967773826117806e+00 1.374028414484663330e+01
5.515730502485327591e+00 1.452007657890222525e+01
5.885105167117996139e+00 1.530233740228509376e+01
5.413961166168509642e+00 1.599826020101373025e+01
5.778301764273067853e+00 1.678150154749612000e+01
5.302486084152896240e+00 1.747081405866908455e+01
5.661908926051845370e+00 1.825529429278299176e+01
6.016357801595705546e+00 1.904781632911804223e+01
5.533831709408597810e+00 1.971993636356257440e+01
5.876639722260167176e+00 2.052048074307158032e+01
6.149202828962977208e+00 2.146895602226267386e+01
5.617706480528611657e+00 2.222353549930222272e+01
5.919514840540813339e+00 2.301433890090566337e+01
5.401388050306049848e+00 2.377334244210773306e+01
5.752050040971459666e+00 2.453844444334505681e+01
6.103841117927744975e+00 3.083696080210668877e-01
6.454038942076564034e+00 1.082513596715990456e+00
5.968030907987047051e+00 1.813176221957436329e+00
6.319616276468304150e+00 2.586249829235779618e+00
6.194299713556937093e+00 4.086231247399976674e+00
6.550721308273937282e+00 4.862856813402046896e+00
6.909256745327124527e+00 5.642202489682412114e+00
7.270655992912717913e+00 6.424002456836663377e+00
6.807882168241214949e+00 7.141347988495589938e+00
6.347050482729691190e+00 7.857496856244264194e+00
6.718986299901605008e+00 8.637737675715488450e+00
6.257654290497693061e+00 9.349688756727342565e+00
6.628260857169713915e+00 1.012875133181198528e+01
6.162599997713783750e+00 1.083809011503473663e+01
6.528731131379603703e+00 1.161818367221015258e+01
6.065055226258581733e+00 1.232816930544147560e+01
6.442293890344026330e+00 1.311358437131291410e+01
5.980970522415035795e+00 1.381848644410566607e+01
6.352884394890545572e+00 1.460313579603266199e+01
6.721358445628546896e+00 1.539135942914778354e+01
6.251226544187749923e+00 1.608828706852190038e+01
6.613369182940946445e+00 1.687988084761049734e+01
6.139074151415210068e+00 1.757011579295410897e+01
6.494833752795011073e+00 1.836756338300384428e+01
6.841318798159902848e+00 1.918190662864803642e+01
6.360376815380558213e+00 1.985845608039634769e+01
6.664172832395105495e+00 2.074335344702762640e+01
6.977814727006919071e+00 2.155320050992569847e+01
6.452962752775182942e+00 2.227295803331590918e+01
6.766246591377553798e+00 2.306720558917298192e+01
6.251030678176032751e+00 2.379623108107605844e+01
6.596931909305457253e+00 2.457532960128660093e+01
6.944360478244755441e+00 3.552728148310448919e-01
7.290964050832230647e+00 1.136636560640850835e+00
6.803162220525078574e+00 1.859844506365474048e+00
7.152221951606139605e+00 2.639681327667913635e+00
6.671561122624249940e+00 3.362640738789129724e+00
7.024674350602598594e+00 4.141751371655645109e+00
7.379575071818881504e+00 4.923177993330832614e+00
7.736858713178460967e+00 5.706643155165646242e+00
7.635961115027458668e+00 7.208029846601382573e+00
7.177564743714309081e+00 7.923736337842043120e+00
7.551158214948872960e+00 8.707518226575087894e+00
7.091863897120677329e+00 9.418862951007870521e+00
7.462771100157056026e+00 1.020012390344081687e+01
6.996552402432707041e+00 1.090886525950305064e+01
7.359225066477510069e+00 1.169068848674110939e+01
6.893502212969860210e+00 1.240246211703152035e+01
7.276308632769124429e+00 1.319415880149063902e+01
6.816467440921391230e+00 1.390035620510613157e+01
7.188185272007249438e+00 1.469073303018394405e+01
7.554892694831252697e+00 1.548625556519485968e+01
7.085317347376583363e+00 1.618512632737918366e+01
7.443846385430012091e+00 1.698731505372494155e+01
6.970404311593182634e+00 1.768030125531367247e+01
7.319566108590596976e+00 1.849508573568266101e+01
7.655449845282537247e+00 1.932937161510852420e+01
7.165067332269704714e+00 2.003298544118038649e+01
7.489852964543414870e+00 2.084518408510016485e+01
7.811695868722783764e+00 2.164601046671724305e+01
7.291654096354569958e+00 2.235211525181097159e+01
7.613911263015745945e+00 2.314199377536541391e+01
7.099418980634081500e+00 2.385311077885225828e+01
7.441480292202847124e+00 2.463630797774568393e+01
7.784687760139305190e+00 4.196724724898236447e-01
8.127467714207595506e+00 1.204173047803818619e+00
7.637096692516654350e+00 1.919531460327201344e+00
7.983704863648158678e+00 2.703930122370245659e+00
7.502132099613612048e+00 3.421592290214786392e+00
7.853570721839013835e+00 4.205279042350450247e+00
8.207056821987096740e+00 4.990498093750327158e+00
8.097322799516133429e+00 6.491946543986168550e+00
8.462304670413287155e+00 7.278925039278909104e+00
8.006536713654215376e+00 7.993923980778705918e+00
8.382775241002821787e+00 8.780699535779085352e+00
7.926139375103502083e+00 9.491246734867031520e+00
8.297736783616279865e+00 1.027369040358561314e+01
7.830780059394107262e+00 1.098150119832060412e+01
8.188510571738371269e+00 1.176358634349010224e+01
7.716388002102415378e+00 1.247779171145839960e+01
8.110292414762719559e+00 1.327824118232264894e+01
7.650257478613895046e+00 1.398594748258809162e+01
8.021277381703676213e+00 1.478333204897533371e+01
8.385178709182724788e+00 1.558788910872168465e+01
7.915506854849467366e+00 1.628964175304763273e+01
8.269392508943816722e+00 1.710378657672607616e+01
7.795479279326101185e+00 1.780164967742233983e+01
8.138550283117645279e+00 1.862862415462160826e+01
8.480206103046457500e+00 1.944431910582335377e+01
7.989947126877524397e+00 2.014307012396429997e+01
8.321507298309237299e+00 2.094512806891900070e+01
8.650818734993727332e+00 2.173855197598694033e+01
8.134390321165625437e+00 2.243812497204714518e+01
8.462497252099071332e+00 2.322400197624782336e+01
7.947719986704447237e+00 2.392659625705545423e+01
8.286122727365784257e+00 2.471009030875207912e+01
8.624849932944295361e+00 4.946207274569410228e-01
8.963444845779502401e+00 1.280978289973557560e+00
8.470377999189587115e+00 1.990120052458479671e+00
8.814414780083035694e+00 2.777500297812246277e+00
8.331634365669025044e+00 3.489715565298242783e+00
8.681464272426943296e+00 4.276679881443673281e+00
9.033617518414086334e+00 5.064479928411877552e+00
8.563129967272633536e+00 5.777005391298544623e+00
8.922614857159521407e+00 6.564539039340925086e+00
8.834067508367489552e+00 8.067325145493652983e+00
9.214173964571992670e+00 8.856202120033408676e+00
8.761437182318143613e+00 9.566183799043892932e+00
9.133824692821184144e+00 1.034845785412612962e+01
8.666952047414557825e+00 1.105496157180243166e+01
9.017767136987377086e+00 1.183515695708615212e+01
8.531180122601112359e+00 1.255266200184649250e+01
8.945924798476346140e+00 1.336670385169951203e+01
8.481930307914046452e+00 1.407548051954165480e+01
9.310582994663381129e+00 1.417026417104995595e+01
8.851744111601611564e+00 1.488206444785220128e+01
9.211827428306905929e+00 1.569810635440947166e+01
8.741563104577835475e+00 1.640254789407555336e+01
8.616554174336275906e+00 1.792911994667941045e+01
8.962874398274164989e+00 1.874824989284951826e+01
9.311114955561530238e+00 1.955094026578668931e+01
8.820825863913354326e+00 2.024717547164464548e+01
9.158691247820577530e+00 2.104134884017397056e+01
9.494365842542816125e+00 2.182936538613433086e+01
8.980387399513514168e+00 2.252563563909502165e+01
9.311790703632382815e+00 2.330895788037986094e+01
8.795863833331811321e+00 2.400717641038354344e+01
9.130336606363105290e+00 2.479082835683298569e+01
9.464202425164154775e+00 5.766768349787978476e-01
9.798330487943996303e+00 1.365284380814658416e+00
9.302905476220644232e+00 2.069286658697430337e+00
9.644328068103563467e+00 2.859306630732801224e+00
9.160368037122406548e+00 3.566084454439851115e+00
9.508713033534418102e+00 4.355373899517976710e+00
9.859789580599720438e+00 5.144416022387434673e+00
9.388559356229192687e+00 5.852575609693237091e+00
9.747046974645046546e+00 6.640291780123670051e+00
9.287125613940022006e+00 7.352902076607638726e+00
9.660147871016619092e+00 8.142222386995264571e+00
9.599219232108758604e+00 9.642569039494926386e+00
9.970789419466052905e+00 1.042343340683417274e+01
9.508337362151380034e+00 1.112843395536732949e+01
9.848779478443990598e+00 1.190472565130701632e+01
9.334927183968940057e+00 1.262603238729782973e+01
9.785375300486217398e+00 1.346267594537015277e+01
1.013465171878819682e+01 1.427305780163818483e+01
9.679069113440682770e+00 1.498979464580468246e+01
1.003103797040867917e+01 1.583556945169873487e+01
9.562378005061555442e+00 1.653244665438383976e+01
9.090885435623224708e+00 1.723036911869522925e+01
9.439712525555391309e+00 1.805536346061488828e+01
9.794499226352504806e+00 1.885601991551022749e+01
1.014741530410871206e+01 1.964848610740599000e+01
9.657178690046961833e+00 2.034498955741989690e+01
1.000047925905131763e+01 2.113345479994453413e+01
1.034136033443222935e+01 2.191796309981613788e+01
9.828876070096500328e+00 2.261323074854756854e+01
1.016146082184855892e+01 2.339555080578217527e+01
9.643485960239896571e+00 2.409171911194331983e+01
9.973314348945361729e+00 2.487662771491723745e+01
1.030182890311885124e+01 6.651135464597497382e-01
1.063129281997475140e+01 1.457591843950095667e+00
1.013426149766150886e+01 2.156571499844637696e+00
1.047323114368358610e+01 2.950021237048027878e+00
9.988472194761543577e+00 3.650424948288335081e+00
1.033579254288463645e+01 4.441247247464289671e+00
1.068675633848568296e+01 5.228420741287203910e+00
1.021396089606425406e+01 5.931592161498953075e+00
1.057139059901798817e+01 6.716413491300600391e+00
1.011067755068172147e+01 7.427681870957218990e+00
1.048451481115204409e+01 8.215779383241734735e+00
1.004536590908591442e+01 8.932201297279135588e+00
1.044205373768279443e+01 9.719427623175201703e+00
1.036253051447627627e+01 1.120272717940225959e+01
1.068213051101026245e+01 1.197199540631658188e+01
1.012534408534363095e+01 1.270044833501358283e+01
1.090269306379429537e+01 1.277549400879227370e+01
1.063032227317902034e+01 1.357145141705036373e+01
1.094099793108166807e+01 1.443700477445890051e+01
1.049575668501439196e+01 1.513982745030608967e+01
1.084315636396843985e+01 1.601246305448806950e+01
1.037991596037879383e+01 1.668542033384586176e+01
9.911897207271435306e+00 1.736707417481335725e+01
1.027319819434760184e+01 1.816252283362782904e+01
1.098732032510900325e+01 1.973734366614248259e+01
1.049774180312815730e+01 2.043638472668908435e+01
1.084564139009058614e+01 2.122106850098467490e+01
1.119079180680967234e+01 2.200366741547613358e+01
1.067916519919134544e+01 2.270032960766300434e+01
1.101085655439315936e+01 2.348346170937920974e+01
1.048991433087848257e+01 2.417950597258754541e+01
1.081396861033568335e+01 2.496766097388196570e+01
1.113650941737765798e+01 7.613296943762746238e-01
1.146099442888160702e+01 1.561443237386323402e+00
1.096373573381976918e+01 2.254028204872763119e+00
1.130064418157703265e+01 3.054152642751570390e+00
1.081617170511573178e+01 3.744175059852437926e+00
1.116446891993926727e+01 4.532462001903726723e+00
1.151669025006036939e+01 5.312578881225559435e+00
1.104066943410574986e+01 6.010624743968100425e+00
1.139653395230094368e+01 6.788780279817274277e+00
1.093316964198868746e+01 7.500040315151784931e+00
1.130674965405076549e+01 8.284901943201637309e+00
1.087536379565431233e+01 9.005171119172018734e+00
1.129544773422115078e+01 9.790113080607047991e+00
1.080454009504408397e+01 1.050001002323476662e+01
1.126451632185322893e+01 1.131919898187287643e+01
1.150216158721014104e+01 1.214400351670698619e+01
1.164942223546155553e+01 1.298379214514335089e+01
1.144964524752969481e+01 1.378166919274779012e+01
1.172852581351446410e+01 1.468477645620306760e+01
1.129932794313504196e+01 1.534934452668354510e+01
1.122514432555187369e+01 1.678014886048798715e+01
1.074936067535109707e+01 1.747065787535866477e+01
1.111193279938024503e+01 1.825424756967417039e+01
1.063153801025882927e+01 1.895152359100696060e+01
1.147153906161935488e+01 1.903644024267451229e+01
1.134104223633392827e+01 2.052090760018042559e+01
1.169288154350390663e+01 2.130290751267945382e+01
1.204163882497048910e+01 2.208437126445201670e+01
1.153047842762598663e+01 2.278614444938749628e+01
1.185871125340777787e+01 2.357238663600423223e+01
1.133396500933929296e+01 2.427102007011463058e+01
1.165072448653332593e+01 2.506572799766595594e+01
1.196622221273857889e+01 8.698269289902008650e-01
1.228161086384364964e+01 1.699827050271304874e+00
1.178920794708604447e+01 2.372088816344699147e+00
1.213126490806306990e+01 3.166894848683871277e+00
1.164620644842353059e+01 3.845262854305794509e+00
1.199801895294885590e+01 4.625433214122119274e+00
1.235288766840060504e+01 5.395770223302425173e+00
1.187047894642553025e+01 6.084784874683278666e+00
1.222354722479838074e+01 6.849951242879662949e+00
1.175444600589458410e+01 7.565465226523971687e+00
1.212569168444526824e+01 8.343850173169650830e+00
1.170236653182753095e+01 9.074197109278525630e+00
1.219805292803661878e+01 9.930112617408804354e+00
1.161837289196843059e+01 1.056214436916304678e+01
1.237593112308015186e+01 1.082099236791983188e+01
1.216218676511925700e+01 1.162171588108223830e+01
1.229302382193757914e+01 1.246369625847669838e+01
1.236118028989906392e+01 1.330992913574791991e+01
1.221777326282463427e+01 1.407957479640384513e+01
1.218163182344446938e+01 1.538945438142437538e+01
1.170293805308449286e+01 1.608925968116576044e+01
1.206963788302565632e+01 1.685878928511631614e+01
1.159075367904213394e+01 1.755681160604844493e+01
1.195280329589003721e+01 1.833435173828680931e+01
1.231321947747044732e+01 1.911082808446358072e+01
1.182931896163711194e+01 1.981715741953468424e+01
1.218580649051953024e+01 2.059666972004546537e+01
1.254109946425270650e+01 2.137523189097682774e+01
1.238173993565885667e+01 2.286793605385574324e+01
1.270292607013517738e+01 2.365943016409917732e+01
1.217369798822793747e+01 2.436713565214810373e+01
1.248105642886114275e+01 2.517400609078028495e+01
1.277683763534046157e+01 1.040310999622811039e+00
1.311414281403037130e+01 1.839459758506493126e+00
1.262035904790836760e+01 2.497962150444697382e+00
1.296981620662142909e+01 3.279263214205885735e+00
1.248255177931150861e+01 3.947934882175843541e+00
1.283942023567571766e+01 4.717452038433271433e+00
1.319723337217975612e+01 5.476088032086082968e+00
1.270741906979382385e+01 6.158842730889350747e+00
1.305912967273248171e+01 6.920354127391432186e+00
1.257418666494267434e+01 7.607800995623863471e+00
1.294047474248049845e+01 8.347394080043097020e+00
1.251455058979007084e+01 9.129592221807174113e+00
1.306426669404670449e+01 9.802054358884962681e+00
1.314797197323683342e+01 1.060420471332875358e+01
1.301601865170443872e+01 1.142673629166073468e+01
1.306932074894167428e+01 1.224777580454526316e+01
1.310483228627804486e+01 1.307711418876459142e+01
1.301423293119128566e+01 1.393011005591426432e+01
1.271371834297754155e+01 1.472496233259735909e+01
1.304157297757087441e+01 1.546595389735640680e+01
1.254869998894858085e+01 1.615784878272104663e+01
1.291232768667266129e+01 1.692927443412217414e+01
1.327644404846838100e+01 1.769646377692247796e+01
1.243287515501025808e+01 1.763181660601443923e+01
1.279511746832354824e+01 1.840350553349051665e+01
1.267253560390401290e+01 1.988609090741976360e+01
1.303148662960055404e+01 2.065960534802497506e+01
1.339023398457454306e+01 2.143058973600189887e+01
1.289305073014641501e+01 2.215363536632165165e+01
1.323175616145586986e+01 2.293530063620896442e+01
1.300673405803975591e+01 2.446406887721002121e+01
1.327337777152495057e+01 2.539647105136592842e+01
1.411068787084101572e+01 5.497664970118724126e-01
1.361191750934153255e+01 1.191477047504679421e+00
1.346233194390724996e+01 2.618951244643899834e+00
1.381621468475591286e+01 3.388801446825945085e+00
1.332785405361920539e+01 4.050065187661485488e+00
1.369362442473996211e+01 4.808470360344537120e+00
1.405329051760675085e+01 5.557644854688024161e+00
1.354819663240437322e+01 6.230047672870109743e+00
1.389029812040355694e+01 6.987366641750377028e+00
1.340625380156585678e+01 7.689509318980425334e+00
1.398745495179626097e+01 8.536224274011074087e+00
1.332611746516706575e+01 9.031908923313082482e+00
1.400627627941014097e+01 9.424643979486107881e+00
1.388203263815493749e+01 1.022851705824047031e+01
1.383080280741593349e+01 1.107151186530107445e+01
1.380452914398998843e+01 1.188880954943637924e+01
1.381058373947284679e+01 1.271897542409842075e+01
1.375472892577813155e+01 1.361020622799660984e+01
1.356688395598653329e+01 1.458473201120104612e+01
1.385916849408013896e+01 1.551644761493998459e+01
1.339401891422423141e+01 1.623136758816102443e+01
1.375875948250366321e+01 1.699131774365186942e+01
1.412160062135825633e+01 1.775325552255394967e+01
1.363885054616948977e+01 1.846259916427705150e+01
1.400114889612517644e+01 1.922651583629254901e+01
1.315621658247105152e+01 1.917395795536340941e+01
1.351721794789695963e+01 1.994214045263961665e+01
1.387924548446822470e+01 2.070658882624478636e+01
1.374573550824698920e+01 2.219870787596633122e+01
1.408131307039368885e+01 2.296910751381287952e+01
1.354211507047053331e+01 2.372735864105610659e+01
1.376707527709308465e+01 2.476619397347254647e+01
1.446211773179606652e+01 1.323763939473474816e+00
1.396153518918275260e+01 1.968611857091641548e+00
1.431388645893801481e+01 2.737639837328358361e+00
1.467066859445750993e+01 3.498273808144992003e+00
1.418461003169417189e+01 4.147611404195026275e+00
1.456886137192058150e+01 4.876981707786780085e+00
1.489038015486984001e+01 5.649879513302924039e+00
1.438964631119421078e+01 6.332109494290555141e+00
1.474302379576161748e+01 7.130238218904098702e+00
1.420409144176773353e+01 7.739272986167838653e+00
1.482220943584204598e+01 8.229573686289429091e+00
1.472882314630930800e+01 9.042856185932091506e+00
1.467910416224997761e+01 9.889020620466546063e+00
1.459454329637673631e+01 1.070973569006722492e+01
1.455729534464461317e+01 1.153763269907896749e+01
1.454150827156062853e+01 1.237041848837017000e+01
1.447647512023376493e+01 1.321157577928396165e+01
1.442685727904984461e+01 1.407585993832452154e+01
1.434816112375757235e+01 1.486719604822395802e+01
1.472811305197448917e+01 1.558897754320744156e+01
1.423757324004617608e+01 1.628045487136081348e+01
1.460325534693383887e+01 1.704339760858639252e+01
1.496736824041167857e+01 1.780388938981807456e+01
1.448458721715681463e+01 1.851412280478856331e+01
1.484912299361473842e+01 1.927191670472840457e+01
1.436482817539475754e+01 1.998663175929617353e+01
1.473185748238236314e+01 2.074081843796423996e+01
1.424306840148328845e+01 2.146540751396026536e+01
1.460417329168279466e+01 2.221837150768466884e+01
1.470320547165282044e+01 2.349446901797606913e+01
1.424688855103290841e+01 2.413688590286070834e+01
1.460393217895305717e+01 2.490487557053421952e+01
1.544376567788386367e+01 1.090797700136834567e-02
1.495672627383865105e+01 6.720537614066165455e-01
1.531073460011525000e+01 1.441854315027344846e+00
1.481808395988579896e+01 2.097353182889197587e+00
1.517464199586384410e+01 2.880065839438957553e+00
1.509660922925196047e+01 4.194402784465546041e+00
1.541049491737882349e+01 5.015802451468367451e+00
1.576696898694829407e+01 5.807006396311304108e+00
1.521226503858420109e+01 6.400874271154681772e+00
1.555593067733986246e+01 7.113728917262823970e+00
1.555771475879184784e+01 7.895154109897312367e+00
1.550451852410813558e+01 8.710345733791131195e+00
1.543386892421205658e+01 9.525779629829003170e+00
1.537093938801036153e+01 1.035308073746613999e+01
1.531255067987225615e+01 1.117903691261703791e+01
1.527294875849460887e+01 1.201059727359532658e+01
1.524104817346961127e+01 1.286906975654451024e+01
1.514430437683617292e+01 1.368979534926967645e+01
1.517772593109480539e+01 1.481878560894712749e+01
1.556156580789283161e+01 1.561647439187829356e+01
1.508835369003600668e+01 1.634070239697739524e+01
1.545093545264115598e+01 1.709774339297484858e+01
1.581575358461204850e+01 1.785441825592287302e+01
1.533256156563350636e+01 1.856129593177736581e+01
1.570095520712295922e+01 1.931431644394134395e+01
1.521723874505179808e+01 2.002457952981683320e+01
1.559285138045581398e+01 2.076886997782390054e+01
1.510452864974821985e+01 2.148612713012320441e+01
1.557259003644228379e+01 2.215861064035425443e+01
1.513931560402841825e+01 2.283356954759737079e+01
1.554305867335308378e+01 2.357742113955483987e+01
1.508318883023706647e+01 2.424859275603302322e+01
1.628049042871710483e+01 1.030575730577261290e-01
1.579929974004677007e+01 7.774458992474200247e-01
1.615175482752241010e+01 1.549844484879566053e+00
1.566274749343615724e+01 2.220055331986344527e+00
1.598200938037595087e+01 3.031297039808155347e+00
1.590229698994934182e+01 4.361723644656627208e+00
1.625743386909797650e+01 5.148201469736312319e+00
1.661933002573709217e+01 5.927576405232125367e+00
1.616482331066393741e+01 6.587515310706495875e+00
1.631723029451268303e+01 7.431379194020215628e+00
1.625859146483591289e+01 8.310700083280643469e+00
1.620434184591226767e+01 9.148221028104856600e+00
1.613888245881795669e+01 9.977391834157538497e+00
1.606965469989071593e+01 1.080760070116496685e+01
1.602304760864669930e+01 1.164789619412843180e+01
1.595881445916129060e+01 1.248323343546227804e+01
1.596942495079373536e+01 1.340121927960200310e+01
1.574025227187302711e+01 1.420973910602214829e+01
1.606398848076918995e+01 1.494917173039040925e+01
1.642013970082625818e+01 1.569700465615294860e+01
1.593044187863366368e+01 1.638670647338612341e+01
1.629728921370018213e+01 1.714792131160250932e+01
1.666553570612355628e+01 1.790400146286315675e+01
1.618375070584654551e+01 1.860814502392760517e+01
1.655740166684071113e+01 1.935687427135554728e+01
1.607616468799685450e+01 2.006054652843283392e+01
1.647763722289840516e+01 2.078749645072879559e+01
1.601833432949150193e+01 2.147576059238227941e+01
1.643297155066121107e+01 2.220992080437421734e+01
1.598875631512498074e+01 2.289559626152459160e+01
1.637835560637742205e+01 2.365406919971012911e+01
1.591808237982765917e+01 2.433756909069105845e+01
1.711512085106788561e+01 1.880048412380186107e-01
1.663701115041913425e+01 8.723309755683315014e-01
1.698883762651819040e+01 1.644213369413419112e+00
1.649370117081104326e+01 2.331428467613039679e+00
1.687213786927492620e+01 3.071759583194251686e+00
1.639619372809247722e+01 3.734458647605571890e+00
1.675737440411403512e+01 4.498470572000378809e+00
1.711166778424011525e+01 5.269891437948186486e+00
1.743333806738175085e+01 6.065077741410721757e+00
1.699037385375489251e+01 6.883137148079494949e+00
1.697576394235090191e+01 7.910953008048492663e+00
1.696077445515063076e+01 8.767728251038981568e+00
1.690583480024519147e+01 9.594819623791297047e+00
1.683884839570325553e+01 1.043350617849301898e+01
1.676017069828779071e+01 1.126300848997248139e+01
1.673696976093484778e+01 1.211302935817806414e+01
1.663805082906522514e+01 1.291449597220782408e+01
1.655293005716720245e+01 1.420354987520328116e+01
1.690367029797413423e+01 1.498564544562602308e+01
1.726656942878939560e+01 1.574816946476086876e+01
1.678254195578948327e+01 1.645060707583929371e+01
1.714871606561419881e+01 1.720456453874290759e+01
1.751873949345944581e+01 1.795657060178997355e+01
1.703773407407940610e+01 1.865543886637062698e+01
1.741856921042709061e+01 1.940065388804862323e+01
1.694569925118941711e+01 2.009529743681886416e+01
1.734230006664563462e+01 2.083502780628734996e+01
1.688386211636401768e+01 2.152323870467716560e+01
1.728068339119972663e+01 2.227528545855962605e+01
1.682976528546475237e+01 2.296527559158241871e+01
1.721269277782820950e+01 2.372995647907390193e+01
1.675152647115450932e+01 2.441958770578680316e+01
1.795015855715024955e+01 2.668015782397639146e-01
1.747376236408090477e+01 9.570532297015486023e-01
1.783661331496746882e+01 1.719118853068941855e+00
1.735465623729164619e+01 2.399493836088578469e+00
1.772455250980701180e+01 3.162060669308030647e+00
1.724627423248081115e+01 3.835549343123703547e+00
1.760675754528480041e+01 4.609340749444005070e+00
1.795435083134249510e+01 5.396495631738418730e+00
1.783678083775340895e+01 6.771109038598039476e+00
1.768217694103389803e+01 7.538954888220155581e+00
1.768685935910269080e+01 8.379694060327285143e+00
1.769831638762050829e+01 9.220116169393433481e+00
1.759065918352947477e+01 1.004846387000903540e+01
1.753354789991362495e+01 1.090960950194014600e+01
1.744392785116268740e+01 1.171359419078881281e+01
1.747025748976428972e+01 1.276388467146720984e+01
1.707228675658463501e+01 1.356832612783487590e+01
1.740853314841183064e+01 1.431102565334218113e+01
1.775915902289211701e+01 1.505942101593169902e+01
1.811920074767268218e+01 1.581048951663357016e+01
1.763203173198514762e+01 1.650480919296192539e+01
1.800036316035745543e+01 1.725831216469468643e+01
1.837273320550107769e+01 1.800927323547737657e+01
1.789459855577812064e+01 1.870525033379396618e+01
1.827637117985081261e+01 1.945262390992231616e+01
1.780690199240124016e+01 2.014471389876253227e+01
1.819581771509407275e+01 2.089471351669619636e+01
1.773579587191532170e+01 2.158526818620924104e+01
1.812357600963811066e+01 2.234474635676534504e+01
1.766821704858980979e+01 2.303757029247314492e+01
1.804719446520591219e+01 2.380478497277414718e+01
1.758480330655769563e+01 2.449814869762902347e+01
1.878729088526912250e+01 3.407793563794366265e-01
1.831457313826841471e+01 1.032347631111112829e+00
1.868004322331144351e+01 1.797880019932434958e+00
1.820300152449940612e+01 2.482906478816270468e+00
1.856867392485580837e+01 3.252533182597194372e+00
1.809036696344998774e+01 3.934371613419114233e+00
1.844738899127742826e+01 4.713932135433243076e+00
1.881510238204839425e+01 5.481334224369923902e+00
1.833878546981968682e+01 6.150269629149736517e+00
1.864577649565252671e+01 7.034751026052976641e+00
1.838973959946104486e+01 7.934254125453398032e+00
1.843235640471178272e+01 8.767769245567640368e+00
1.839840052335277676e+01 9.718387516973796991e+00
1.824366809975287751e+01 1.052927949202662106e+01
1.837463608855459540e+01 1.138627496413123907e+01
1.806988278104622481e+01 1.217698707045769346e+01
1.837448775504027410e+01 1.291781851816681659e+01
1.788747426769485571e+01 1.358127416531351450e+01
1.824547258440884434e+01 1.435067535528575000e+01
1.860470347291250093e+01 1.510915983487178416e+01
1.848411644360530559e+01 1.656225711566915848e+01
1.885304381705742927e+01 1.731355571414477268e+01
1.922571284138808068e+01 1.806452811037626560e+01
1.874953237874476031e+01 1.875905026158634215e+01
1.912898179533632614e+01 1.951046505566843692e+01
1.866039541070052721e+01 2.020318197111187786e+01
1.904346230449586130e+01 2.095911924562635420e+01
1.858174421880910998e+01 2.165203166071961505e+01
1.896411302090402629e+01 2.241496005933813507e+01
1.850571780212483830e+01 2.310996532960302474e+01
1.888244334632900134e+01 2.387779443110804323e+01
1.841910644787289542e+01 2.457336906985257485e+01
1.962451898899433189e+01 4.137798070725500765e-01
1.915415734160207961e+01 1.107774951064685487e+00
1.952041372363705207e+01 1.875717481075608095e+00
1.904552473102878807e+01 2.566184727242035279e+00
1.940960874170068706e+01 3.337329913164801543e+00
1.893090374124663811e+01 4.027179412885465659e+00
1.929474962716688680e+01 4.798270214366429087e+00
1.915891971809828576e+01 6.289743710911988472e+00
1.955429398994168722e+01 7.027139807054785692e+00
1.915260303353213800e+01 7.734127457573377384e+00
1.942754228697673824e+01 8.516754367131515124e+00
1.906923840645777091e+01 9.259202480063978058e+00
1.936781149985383976e+01 1.002165829803824160e+01
1.899352393378034520e+01 1.075401894915459167e+01
1.931292332183147664e+01 1.149620161397410811e+01
1.887008236218154877e+01 1.218466406432547444e+01
1.921427369296337062e+01 1.295063529848793671e+01
1.873584049962266818e+01 1.366154589797971575e+01
1.909272485242123096e+01 1.441326198654490121e+01
1.945304504052077021e+01 1.516599279723615901e+01
1.896794663615089149e+01 1.586361113103106391e+01
1.933445029931279180e+01 1.661640207935448998e+01
1.970397879678852249e+01 1.736861177153942393e+01
1.960104843237086314e+01 1.881661002741277500e+01
1.997741781455979293e+01 1.957137256599182606e+01
1.950874602224461896e+01 2.026564039752408775e+01
1.988759201349029837e+01 2.102496499630619553e+01
1.942448602944465463e+01 2.172003287394774063e+01
1.980338029904232044e+01 2.248455537953651628e+01
1.934297630970518611e+01 2.318127965365838250e+01
1.971850941317961770e+01 2.394902009717200642e+01
1.925486062521561337e+01 2.464588960822797148e+01
2.046172546711873252e+01 4.851061570475521112e-01
1.999261389851280057e+01 1.181755680671861430e+00
2.035973076580571117e+01 1.949839823480882917e+00
1.988586375485251878e+01 2.644843876707176467e+00
2.025100480108105572e+01 3.413673441801375219e+00
1.977374223102695083e+01 4.107783917693616615e+00
2.013478411498545384e+01 4.881109703430196234e+00
1.965034579349028121e+01 5.581308404806517132e+00
2.002497350402793685e+01 6.338379895644713713e+00
2.040478140410218089e+01 7.106611290985291873e+00
1.996177776817707539e+01 7.818288764386846168e+00
2.030701265215576967e+01 8.582407457210535995e+00
1.987785468563938451e+01 9.296850583059701023e+00
1.980575286135320567e+01 1.077523303243485664e+01
2.015919088147068905e+01 1.153528168323004977e+01
1.969940260665627463e+01 1.224683597511717181e+01
2.005582847769609245e+01 1.300392863163797408e+01
1.957599369928591670e+01 1.370799082589744522e+01
1.993656851538536756e+01 1.446379584852573785e+01
2.029921556187572307e+01 1.521841692795290868e+01
1.981698539107824075e+01 1.591874677447855468e+01
2.018382166832575209e+01 1.667155918801815773e+01
2.007589478713129338e+01 1.812142790922982627e+01
2.044911232151110170e+01 1.887609591751631655e+01
2.082266396113640639e+01 1.963338402678120076e+01
2.035365980655704732e+01 2.032949290829126809e+01
2.072938286646450123e+01 2.109078351395064743e+01
2.026526159824345541e+01 2.178776734853453689e+01
2.064184104689413957e+01 2.255302785421246980e+01
2.018020971054911072e+01 2.325121205767240440e+01
2.055498290872125366e+01 2.401884437842460329e+01
2.009116604997495159e+01 2.471711437724625782e+01
2.129939095104594671e+01 5.537998726674326910e-01
2.083094582781989956e+01 1.252662302268856109e+00
2.119943268376169954e+01 2.019277330698868056e+00
2.072635082383392202e+01 2.717334799580110705e+00
2.109250119866436535e+01 3.483984600686938826e+00
2.061509278243342180e+01 4.182629688859567096e+00
2.098173019858731081e+01 4.946819387631050446e+00
2.050274327601324131e+01 5.644044330253572106e+00
2.087584497810494710e+01 6.407880138577639606e+00
2.125368715254986185e+01 7.171593591323799366e+00
2.079331060424369682e+01 7.877308527215876488e+00
2.116203272388171541e+01 8.639708043039439289e+00
2.070881547893031893e+01 9.347587712337956489e+00
2.023418549608782158e+01 1.005746294236815075e+01
2.063200954284899069e+01 1.082122013632527135e+01
2.053303185282803156e+01 1.229426550421756836e+01
2.089550843351153375e+01 1.305358665946284979e+01
2.041787330680995893e+01 1.376017871682523186e+01
2.078040995985035977e+01 1.451618578356431399e+01
2.114449837995082859e+01 1.527173509800410223e+01
2.066425306636309855e+01 1.597255088784202748e+01
2.103123089280063240e+01 1.672686426978270902e+01
2.055289274401704347e+01 1.742494891268715662e+01
2.092335408504127869e+01 1.817970521158550312e+01
2.129438690616027685e+01 1.893648341381409850e+01
2.119609675636407431e+01 2.039342648439406958e+01
2.156944555155743970e+01 2.115591430070348977e+01
2.110466578804202697e+01 2.185461093491407070e+01
2.147968896361917857e+01 2.262017958549468588e+01
2.101736718954682814e+01 2.331973473920123752e+01
2.139181709351982619e+01 2.408693801271503077e+01
2.092789275488761547e+01 2.478659734704642048e+01
2.213801808681864003e+01 6.194476710153229426e-01
2.167000651499946073e+01 1.319863363012403701e+00
2.204012406857083661e+01 2.084373077914024375e+00
2.156750169583334653e+01 2.784598186599122283e+00
2.193584961551648860e+01 3.547861273590405151e+00
2.145964511345286496e+01 4.247911538676420129e+00
2.182855227493673667e+01 5.009946945426889897e+00
2.135164178782907385e+01 5.709423287436056427e+00
2.172520043932347278e+01 6.471053009003082224e+00
2.210182040537709014e+01 7.232411873405546920e+00
2.163496538775486044e+01 7.935761845562864458e+00
2.201049525170289911e+01 8.697535963918955559e+00
2.154858939427708009e+01 9.402794773760554392e+00
2.108221136447824762e+01 1.010981469576900693e+01
2.146632651842931239e+01 1.087366742923952856e+01
2.099872190959618479e+01 1.158376885409786006e+01
2.136959502956693413e+01 1.234513725162707409e+01
2.125937095054541004e+01 1.381167884006254098e+01
2.162366633649216752e+01 1.456906026005249544e+01
2.198884831871317047e+01 1.532599648301647477e+01
2.151014360147569704e+01 1.602719506995300591e+01
2.187690068593650139e+01 1.678309071728681090e+01
2.139951208178600339e+01 1.748203959649288208e+01
2.176841917546044769e+01 1.823867194639077027e+01
2.213745719028445436e+01 1.899712086844640524e+01
2.166550157065918469e+01 1.969556428727901576e+01
2.203664563687569711e+01 2.045687454717220177e+01
2.194300893250056816e+01 2.192029360059177634e+01
2.231710387781110327e+01 2.268583613721188641e+01
2.185453280377006635e+01 2.338660844856468302e+01
2.222918471685143516e+01 2.415296462802589872e+01
2.176528201849458455e+01 2.485376159447722344e+01
2.297800002519299412e+01 6.820313867891347748e-01
2.251029627651302079e+01 1.383444649880899657e+00
2.288231700284856984e+01 2.145420156378424537e+00
2.241013347566951452e+01 2.846949773750320212e+00
2.278029899297123961e+01 3.607751795657180072e+00
2.230499635407844394e+01 4.309328171782912165e+00
2.267541902394942710e+01 5.069462565379494023e+00
2.219984244540017926e+01 5.770676410066761797e+00
2.257357628178946385e+01 6.530819834484207220e+00
2.294919697754481547e+01 7.291102267711115026e+00
2.248005473272930388e+01 7.994123120957136841e+00
2.285674560764026353e+01 8.755559198524547782e+00
2.239130300397551210e+01 9.459913205301788253e+00
2.192585183286445627e+01 1.016551843778644226e+01
2.230461124988584487e+01 1.092900867212795113e+01
2.183762703041129072e+01 1.163671472299339449e+01
2.220817332334439698e+01 1.239879553120898947e+01
2.173534690752200405e+01 1.310561221335537319e+01
2.210095808221705482e+01 1.386493971029334205e+01
2.246661370095647925e+01 1.462353550094072574e+01
2.235480655406937345e+01 1.608293627975166018e+01
2.272115201726258960e+01 1.684034350350688314e+01
2.224421646783676110e+01 1.753993363568431718e+01
2.261161261602368455e+01 1.829810286755942172e+01
2.297883867326965301e+01 1.905779190162752101e+01
2.250646930779560861e+01 1.975747943029833920e+01
2.287568524861049468e+01 2.051962332731369543e+01
2.240813804116414332e+01 2.122009199434822335e+01
2.278051118798624586e+01 2.198469125626779430e+01
2.269188684361932928e+01 2.345165861511182115e+01
2.306733543750777926e+01 2.421679343995380407e+01
2.260365493030853656e+01 2.491835065935935489e+01
2.381973412121634581e+01 7.415479929846283680e-01
2.335222952513633388e+01 1.443536626709444048e+00
2.372615185547336836e+01 2.202846300366702703e+00
2.325411154281076165e+01 2.905485401350293539e+00
2.362563127269335084e+01 3.664147084965237333e+00
2.315086447716753071e+01 4.367238594009957176e+00
2.352208546623050012e+01 5.126048229244013044e+00
2.304741423333675954e+01 5.828902912327519559e+00
2.342093635205057467e+01 6.588338152783181023e+00
2.379561375635266884e+01 7.348328920909708017e+00
2.332572126339750085e+01 8.051984326789792590e+00
2.370187654648370668e+01 8.813412100580785946e+00
2.323478661505948395e+01 9.517718991364514380e+00
2.276854155606277885e+01 1.022266076735574458e+01
2.314487206130402441e+01 1.098592457033761072e+01
2.267729688923825648e+01 1.169209251539024841e+01
2.304813250292871984e+01 1.245451097059319956e+01
2.257584455929846001e+01 1.315993419223883976e+01
2.294281025516638195e+01 1.392017302081887919e+01
2.330943145001609551e+01 1.467983250318835076e+01
2.283253337515863990e+01 1.538177077361197931e+01
2.319856633159489689e+01 1.614005572238558628e+01
2.308745919780598754e+01 1.759859778311317413e+01
2.345341972563850774e+01 1.835794671737002304e+01
2.381895655720419214e+01 1.911850451272469087e+01
2.334597161035204849e+01 1.981902211824790427e+01
2.371348365138819148e+01 2.058166537589582035e+01
2.324569767025529288e+01 2.128324162029188926e+01
2.361733744552692826e+01 2.204780574461643994e+01
2.315427000373239963e+01 2.274992955147561702e+01
2.352964938976455755e+01 2.351485583185154482e+01
2.344334215109751085e+01 2.498032572243688776e+01
2.428475633676188750e+01 3.961801885365109910e-02
2.419612374388136189e+01 1.500178749472973472e+00
2.504236384664966408e+01 1.552992274258576222e+00
2.409937341341048622e+01 2.960476411728022228e+00
2.447155227110968667e+01 3.717365779898028855e+00
2.399692101746369133e+01 4.422154068914125880e+00
2.436821809968509100e+01 5.180248309063527401e+00
2.389416432052987815e+01 5.884844868582268518e+00
2.426714537385808157e+01 6.644182109965178107e+00
2.464087595870473635e+01 7.404433572414872877e+00
2.417086773653198861e+01 8.109188058059885407e+00
2.454607764967419925e+01 8.870968612771919837e+00
2.407820887468866999e+01 9.575715600974948671e+00
2.361107946478069053e+01 1.028052001457807840e+01
2.398608339268520950e+01 1.104385268437924772e+01
2.351784040777610230e+01 1.174908568008594045e+01
2.388900236752665762e+01 1.251189827021142342e+01
2.341699588285471734e+01 1.321622166645253671e+01
2.378493423119797612e+01 1.397730957009776986e+01
2.415221892017218863e+01 1.473800195449692829e+01
2.367579964420149707e+01 1.543924023125882350e+01
2.404174776483771936e+01 1.619871040361934789e+01
2.356439072552267433e+01 1.689875194629995647e+01
2.392968974447827790e+01 1.765812454134740150e+01
2.429427240082067740e+01 1.841833327083953975e+01
2.418432452012513068e+01 1.988027074954980122e+01
2.455023238350208459e+01 2.064312913996815979e+01
2.408228082677709381e+01 2.134542268187780678e+01
2.445359950453527276e+01 2.210973516412636286e+01
2.399136277407019691e+01 2.281250512204480430e+01
2.436808394263265143e+01 2.357624046542442642e+01
2.390657064700158685e+01 2.427841397415578584e+01
2.474730989710404216e+01 -6.622429250880419449e-01
2.512850581034670228e+01 9.590267911531981382e-02
2.466369410482186808e+01 7.977977456233489306e-01
2.457176018744334201e+01 2.256609167282579431e+00
2.494572382566681767e+01 3.011974664316539041e+00
2.484274696818611972e+01 4.474487523267282718e+00
2.521344432921651801e+01 5.232497213547903314e+00
2.473985092324828017e+01 5.938989443878369912e+00
