2.802501864508106233e-01 3.709511553316254817e-01
3.365203366464405432e-01 1.102627529125210781e+00
2.458506763019061292e-01 1.820040427717440679e+00
2.304338073348649596e-01 2.718933535205860341e+00
3.159174599131244765e-01 3.481141747730473579e+00
2.245307203923714856e-01 4.309456776727436100e+00
3.523329060356792941e-01 4.977297253551934197e+00
2.499130916119564894e-01 5.759839161551120412e+00
2.691839401820175226e-01 6.600671335044041577e+00
2.892868287410814143e-01 7.351006393682787632e+00
3.176078105240390803e-01 8.114217098063933875e+00
2.672795446726408120e-01 8.937027283718489201e+00
2.930845652573914606e-01 9.790053506180576903e+00
2.527228405462191851e-01 1.053449884062768938e+01
3.145478418079601934e-01 1.124795735529269614e+01
3.169296412025490173e-01 1.205458573301915948e+01
2.315307023796182029e-01 1.296421165876762061e+01
3.732994942388338511e-01 1.372919287286478429e+01
2.692424255989048221e-01 1.440440773923713280e+01
3.290018441735266252e-01 1.524541755385320130e+01
2.405015027755652013e-01 1.604117623617235111e+01
2.267037413884601948e-01 1.689346721168207921e+01
2.620273003292930003e-01 1.764171318540797984e+01
2.703596790747201939e-01 1.840638490139831163e+01
3.073531020385549817e-01 1.914071257235369217e+01
3.739217091448724384e-01 2.002073058638716674e+01
3.691856398333304146e-01 2.082666959580925337e+01
3.154113515031643500e-01 2.161802407312621810e+01
2.352207551617215286e-01 2.229085149576146208e+01
2.284099732220459811e-01 2.309831006497176631e+01
2.824756507640217018e-01 2.387690913790504865e+01
3.517496466019811030e-01 2.467745020110531229e+01
1.052611626041110027e+00 3.067211898649113699e-01
1.030571297350865612e+00 1.134668427938055002e+00
1.020122811005073515e+00 1.950838975826145738e+00
1.129953370134441304e+00 2.613862339544733793e+00
1.009256384889134717e+00 3.498046831318050831e+00
1.119660123805689134e+00 4.271534031614193871e+00
1.129799977155723001e+00 4.955527029047171794e+00
1.064816540493420893e+00 5.749207774531696735e+00
1.144256281234609318e+00 6.616183705126402081e+00
1.060476850363900825e+00 7.315166604819218321e+00
1.057341733224917091e+00 8.143448213273886793e+00
1.123241230654507872e+00 8.979718724523014117e+00
1.148051554315240974e+00 9.740787381767429309e+00
1.027213545812222906e+00 1.056582692134348989e+01
1.128149388298401723e+00 1.132900105561739146e+01
1.129752252844459681e+00 1.210547491968574896e+01
1.090675361528520293e+00 1.288214194095450615e+01
1.012388559306812263e+00 1.361891968270088071e+01
1.013334658908105146e+00 1.448921557441829755e+01
1.057872812504918381e+00 1.525618790235108868e+01
1.151255625572881636e+00 1.600246922833052921e+01
1.072989311755286002e+00 1.686926095342225906e+01
1.044404356374164955e+00 1.754953748257949897e+01
1.053999583555457420e+00 1.834989548005804849e+01
1.154739501401024215e+00 1.923882669200884621e+01
1.108097107476479382e+00 2.003589444129406516e+01
1.134900636621537728e+00 2.071517618991495979e+01
1.148893158471970599e+00 2.155780613356607489e+01
1.135493805070987738e+00 2.240106211431053396e+01
1.058446998640731884e+00 2.306442107715145440e+01
1.044268503006602344e+00 2.390142858091922662e+01
1.137158453474250264e+00 2.475678597568680317e+01
1.796578270870716310e+00 3.016918334380168099e-01
1.861192441786001295e+00 1.043351165003134184e+00
1.814352999760915131e+00 1.848631033433861370e+00
1.943916108228809225e+00 2.633459042201976352e+00
1.877151555938955552e+00 3.480346210303498555e+00
1.852726208374546824e+00 4.309751502054138150e+00
1.946991703203790225e+00 4.983506374310572085e+00
1.873760409959833506e+00 5.778331811351800518e+00
1.840323277824581938e+00 6.523871235583551531e+00
1.891441095155544927e+00 7.384292697850219689e+00
1.803587622777417465e+00 8.136122411144343758e+00
1.938462500758621365e+00 8.917066516982412594e+00
1.818293128251779578e+00 9.743500950650144432e+00
1.950644329550313749e+00 1.049165257177342170e+01
1.901291015204538137e+00 1.136053882976787399e+01
1.832892619828480729e+00 1.214237728326535048e+01
1.853380054440966207e+00 1.291437588559021421e+01
1.895213709306876160e+00 1.368627678897692945e+01
1.809697228318242201e+00 1.452052503801533767e+01
1.845980861840711862e+00 1.520549065583068504e+01
1.801902667444749806e+00 1.605624379234705046e+01
1.902145615670655987e+00 1.675293382597315883e+01
1.876097229822596413e+00 1.757307417364405921e+01
1.897046555393487433e+00 1.835196477979175356e+01
1.904250843933549264e+00 1.917249253193375935e+01
1.942943301452750404e+00 1.992035813572362812e+01
1.849174315907266442e+00 2.070366938011786928e+01
1.941048543780625302e+00 2.161101342079029664e+01
1.836088875588708147e+00 2.236389426273053971e+01
1.924130462483288007e+00 2.313449612776146225e+01
1.878861123302493663e+00 2.387226577998690757e+01
1.810140048609444552e+00 2.476252944834878278e+01
2.724323874805065770e+00 3.209527455320498879e-01
2.635950496139278787e+00 1.063359442713218694e+00
2.696860119770540187e+00 1.936706389308663567e+00
2.722225217755282589e+00 2.705348150444683242e+00
2.683648852684932251e+00 3.382922678360510194e+00
2.608024133057474270e+00 4.298224014193940512e+00
2.678044316488347842e+00 4.945318761673842545e+00
2.598554229973748964e+00 5.835415762362815784e+00
2.583377436424823426e+00 6.543378815836043749e+00
2.668961964261578057e+00 7.414078985959364765e+00
2.685211966012021723e+00 8.127562394521532951e+00
2.694691438715353549e+00 8.916702436999495163e+00
2.633804855710232484e+00 9.783963808289545483e+00
2.684845437011302849e+00 1.058723258849069460e+01
2.686101642400827494e+00 1.133010793497667912e+01
2.597326866677454049e+00 1.208562751996548457e+01
2.624328630783445249e+00 1.285324740192548099e+01
2.735751338941674771e+00 1.366381667407657297e+01
2.723006038363364301e+00 1.448838569338279392e+01
2.707699327783329668e+00 1.525525383917268663e+01
2.673396482483116454e+00 1.604075762405922490e+01
2.613315670337239993e+00 1.686405052653148928e+01
2.626779649313269793e+00 1.754124715858662498e+01
2.684190477549256659e+00 1.835239677791955870e+01
2.730627028762651509e+00 1.926177972437976038e+01
2.726598007234702248e+00 1.995697982120150016e+01
2.585013815763253398e+00 2.083194176082025706e+01
2.649985117541563628e+00 2.162507340377203491e+01
2.734273080264371991e+00 2.239428019815098736e+01
2.628932599783856627e+00 2.310771861017991569e+01
2.716566030871040205e+00 2.388408320597298484e+01
2.609262083994455139e+00 2.470894161809021838e+01
3.517046299932406139e+00 3.308588841217376952e-01
3.459416080968905849e+00 1.023684557729075628e+00
3.466491460202965502e+00 1.951337509306735551e+00
3.391729354656587869e+00 2.664175764630162035e+00
3.507792922290593474e+00 3.486288737246467928e+00
3.479401187614738156e+00 4.267358784834099694e+00
3.426268284450077140e+00 4.990088006451958158e+00
3.497086530281778405e+00 5.858495269872076250e+00
3.506171384344222375e+00 6.661826254725017549e+00
3.450172609885205244e+00 7.384109661873338837e+00
3.495344531398639987e+00 8.194574967167595148e+00
3.480180592290889496e+00 9.004628007317682759e+00
3.509781486066764877e+00 9.719658592433402688e+00
3.428801445447835938e+00 1.046834296343301318e+01
3.460709906066493868e+00 1.124630317084284137e+01
3.442971558983431990e+00 1.211316470378622334e+01
3.414784558399548864e+00 1.290784730037344374e+01
3.374478749022662871e+00 1.360781481164826268e+01
3.499170668903842429e+00 1.444573323645441754e+01
3.389679203281973585e+00 1.525834022932475520e+01
3.490889307713587186e+00 1.599720021336079157e+01
3.467732436193442069e+00 1.676375792352159877e+01
3.377813122558154468e+00 1.762106485813072609e+01
3.454783851401848516e+00 1.842485993288100588e+01
3.483978248663437860e+00 1.926523090799280880e+01
3.450953087087413440e+00 1.994954927703075143e+01
3.494855117111975940e+00 2.072844068987609134e+01
3.438780017194951188e+00 2.148525377874032927e+01
3.373668117027980973e+00 2.241153949237510190e+01
3.501276870583856393e+00 2.315665658470119936e+01
3.434054528023923414e+00 2.386147342844985886e+01
3.394303637684996211e+00 2.466068339816268562e+01
4.243233100766640398e+00 3.337815517024613765e-01
4.260702038657500523e+00 1.052454110228909556e+00
4.307088469988270774e+00 1.911643127531462705e+00
4.244040250846955686e+00 2.678877330374955346e+00
4.222827364666051686e+00 3.408675071895665543e+00
4.212811182961876177e+00 4.276073839324713077e+00
4.159040007242361447e+00 4.962143047924958417e+00
4.164015899776327245e+00 5.737379243719888500e+00
4.291440246773345457e+00 6.628833882379821851e+00
4.231418331804714050e+00 7.320562280773446950e+00
4.234164047437745992e+00 8.166791685206746365e+00
4.184039520166479953e+00 8.947651485428428586e+00
4.219506551737392641e+00 9.763398338015960576e+00
4.256750226330131781e+00 1.046068011508669571e+01
4.215745469657328215e+00 1.133916762544146550e+01
4.235977578770026675e+00 1.216257001370964552e+01
4.260465320074207973e+00 1.284048774206959109e+01
4.167883080235938564e+00 1.370306471218215449e+01
4.160947586949777843e+00 1.448124467214885414e+01
4.304784631553348007e+00 1.526671980606562151e+01
4.217879652899607201e+00 1.606449182277414778e+01
4.228912067922535378e+00 1.683621322360844275e+01
4.304978976349336683e+00 1.759819938298283049e+01
4.308084191982603173e+00 1.846703584299179113e+01
4.187595507670057060e+00 1.912253171446034727e+01
4.172638601507156153e+00 1.990157814545740322e+01
4.171641343499643106e+00 2.079332493723457276e+01
4.167980664660835721e+00 2.152311616373656378e+01
4.289773919920352618e+00 2.226366345310938044e+01
4.284987296614000130e+00 2.309146617099658627e+01
4.175375624477215553e+00 2.394387346345087053e+01
4.255781970718897966e+00 2.475942140083909493e+01
5.059585377218159152e+00 3.477737722670342091e-01
4.988268668198320377e+00 1.036319515278872228e+00
5.062032257677656411e+00 1.922495275084652899e+00
5.099795648160104555e+00 2.647534653655733816e+00
5.002433814795765876e+00 3.491899846723255596e+00
4.997520041175312677e+00 4.303293411256302825e+00
5.079001749322382686e+00 5.011402930760969987e+00
5.062072606800724905e+00 5.849747394372039722e+00
4.960104660642558727e+00 6.660143812406330355e+00
5.023407470243403949e+00 7.435261691438895149e+00
4.994252969452559476e+00 8.233230753389078060e+00
5.005138844910408835e+00 8.881060894813671780e+00
5.086395614352451133e+00 9.680821902668267143e+00
4.994137114562619217e+00 1.060310652900670725e+01
5.093514931517910682e+00 1.133091538367876083e+01
5.043334374044793122e+00 1.209833594023400494e+01
4.990028018254403896e+00 1.286657687036790776e+01
5.049738389214707190e+00 1.372037379689212422e+01
5.068480830109100665e+00 1.451333343667217335e+01
4.958228573641211945e+00 1.525396035764350167e+01
4.952931830609070829e+00 1.604973228857225109e+01
5.013376414409743909e+00 1.689006440038259527e+01
4.999111782621100453e+00 1.755584796903763234e+01
4.966380626077993909e+00 1.844439264138004120e+01
5.041190456418816801e+00 1.912753156966061852e+01
4.957111006898101913e+00 2.000905578585549804e+01
4.955325273259910901e+00 2.081518313191409320e+01
5.055047163500763219e+00 2.148570909837201270e+01
4.957226065959216221e+00 2.241531616590598830e+01
5.002788434944833718e+00 2.310544302186085019e+01
5.071821351232792985e+00 2.398330880831074552e+01
5.099086619079212568e+00 2.473988663045366465e+01
5.790198283141640090e+00 2.344349515319194555e-01
5.853305708055672518e+00 1.096290733506797510e+00
5.797748496939522767e+00 1.938161593524590609e+00
5.748472377859806137e+00 2.660129371256108932e+00
5.732755025369837831e+00 3.443453675255848889e+00
5.739830967268623851e+00 4.175478433270586542e+00
5.749468647879750094e+00 5.046069234655688795e+00
5.848409645510169064e+00 5.822801276570132245e+00
5.882432323759862136e+00 6.577076400905665921e+00
5.775944354227594779e+00 7.441895604695630162e+00
5.766166054579835887e+00 8.243887935240973519e+00
5.732881091499557158e+00 9.032032537881717005e+00
5.737761947429637743e+00 9.806734786930533687e+00
5.814038110075519405e+00 1.060986026467942445e+01
5.742584749545442513e+00 1.132783254541543272e+01
5.883554721736167004e+00 1.211008766063065423e+01
5.830047269487098838e+00 1.292436301942725585e+01
5.802521303098925998e+00 1.370072527196161971e+01
5.822950123941441625e+00 1.453089197068374183e+01
5.738121881808590175e+00 1.522035807629709936e+01
5.880580904590114955e+00 1.610337055694798636e+01
5.802696933986910999e+00 1.684794345410553262e+01
5.774632908804770537e+00 1.756703326643393126e+01
5.803962845680874061e+00 1.838014060879893918e+01
5.822846510510716556e+00 1.912384983962545348e+01
5.884356343916479659e+00 2.005395833655033755e+01
5.840871908529559065e+00 2.077019839573416959e+01
5.779693379596039904e+00 2.160101031277967465e+01
5.838757681356868012e+00 2.228559905367751526e+01
5.874365311623545693e+00 2.317658005630532259e+01
5.880484631511760263e+00 2.394843584519145452e+01
5.827531166327955425e+00 2.468712987151929639e+01
6.664894032218308340e+00 3.576255413149029838e-01
6.525182810003812506e+00 1.012537768888599476e+00
6.577327136463382296e+00 1.923080653361785242e+00
6.673480887453448140e+00 2.606259175115651416e+00
6.611592190029625726e+00 3.429637012269656893e+00
6.670747814881782034e+00 4.289340011125879037e+00
6.650033679967429556e+00 5.017652342574175250e+00
6.583365134561541154e+00 5.774007306807155793e+00
6.526939110440531877e+00 6.654188554713697634e+00
6.646030868534023917e+00 7.462536201472138586e+00
6.674954444029697953e+00 8.179693765269057337e+00
6.639118018905834084e+00 9.028079250381491505e+00
6.651815460209862252e+00 9.705388991500218054e+00
6.588988883235910698e+00 1.047388057890126589e+01
6.668250613323307263e+00 1.133606878116516903e+01
6.554057319059898745e+00 1.213348062386775972e+01
6.615369864949499856e+00 1.287122045367742729e+01
6.535940679030134426e+00 1.370765410304815646e+01
6.599971018722918359e+00 1.451061012102161030e+01
6.599948318884726106e+00 1.531027889424369270e+01
6.604945334619982233e+00 1.605152830003524400e+01
6.656066760676538685e+00 1.681383859313278961e+01
6.539161106930293066e+00 1.754195030517448473e+01
6.636937735731845756e+00 1.842216485840661022e+01
6.628900298978199324e+00 1.914513758413430367e+01
6.539532025834303042e+00 1.990099928930513684e+01
6.573253783450843990e+00 2.077867091328550231e+01
6.579811320647956485e+00 2.154177024578953947e+01
6.660396594488046773e+00 2.231482215093785726e+01
6.598976409906446960e+00 2.317045892587666955e+01
6.580488025087992909e+00 2.393212203539070870e+01
6.653817254796260627e+00 2.477076324656287909e+01
7.328313502804312485e+00 3.671531487350997436e-01
7.382629919684777775e+00 1.049039761770932611e+00
7.377438144852989765e+00 1.949759966690100654e+00
7.382708912860811878e+00 2.634332511554936307e+00
7.404870844163406574e+00 3.407480987730243882e+00
7.317103646489362845e+00 4.177062356223353312e+00
7.325318183681093664e+00 4.967783391752901956e+00
7.327015374275132054e+00 5.831853830794827331e+00
7.333792735866703438e+00 6.572479236858723262e+00
7.446333143236816277e+00 7.379772025951057302e+00
7.410247798838147659e+00 8.119384547466578894e+00
7.335431303606009479e+00 8.885788349915497264e+00
7.331754938961036139e+00 9.710307124337933971e+00
7.333026166557112369e+00 1.046751188273336730e+01
7.324151711321642111e+00 1.131318065767740855e+01
7.337642211155491978e+00 1.208508506199724408e+01
7.384408912315215012e+00 1.292352021818423502e+01
7.311349782013694565e+00 1.372777815311858340e+01
7.404004964539212530e+00 1.440190271212614448e+01
7.442679473730356321e+00 1.532109217143855595e+01
7.314776143357796911e+00 1.600681170719220248e+01
7.432072975657745495e+00 1.686811313835717030e+01
7.334208470143841474e+00 1.757037499025429383e+01
7.363480769729739528e+00 1.840078942476555213e+01
7.402486557582832916e+00 1.916968705035807830e+01
7.377973206926765393e+00 2.001637607026105670e+01
7.310935936455035034e+00 2.072554491252899211e+01
7.417456321906986894e+00 2.161382610864237108e+01
7.385709223145949132e+00 2.234376496155143954e+01
7.322032239204453674e+00 2.311752814032575642e+01
7.389005556783886597e+00 2.387236309863668993e+01
7.347545386033321080e+00 2.468068215212743510e+01
8.095417659521137566e+00 2.719918170337390362e-01
8.125544073359455055e+00 1.059941518665426408e+00
8.111110942041223737e+00 1.935670100968086560e+00
8.185701005591733193e+00 2.689484494110486956e+00
8.216488891754961443e+00 3.448141868734638127e+00
8.105941000189245571e+00 4.241325158841113385e+00
8.184638214707801396e+00 5.061217568839338377e+00
8.160209631793573948e+00 5.751051350891687619e+00
8.136929884525732959e+00 6.575220696981461721e+00
8.193937939925747926e+00 7.395012842799491892e+00
8.148314581367143816e+00 8.247554658519668180e+00
8.187618745756825689e+00 8.916698927215213288e+00
8.108280595689921100e+00 9.690514599974822119e+00
8.130976571436011824e+00 1.047884274520989045e+01
8.121627325076461901e+00 1.128552465881374012e+01
8.119550424033496583e+00 1.216891017007022313e+01
8.104888408994476379e+00 1.289740695422912253e+01
8.156862468248693432e+00 1.375658089195206379e+01
8.109895156212260758e+00 1.445166242978526405e+01
8.244871474657541555e+00 1.531237660562459979e+01
8.220881022781691527e+00 1.600382470309610383e+01
8.119159078273016306e+00 1.685557996494294031e+01
8.238559833127180099e+00 1.762506461025509452e+01
8.182240965310098701e+00 1.836859025732458761e+01
8.213391145612149558e+00 1.914105720945034150e+01
8.143211441085570712e+00 1.996568160711122886e+01
8.172165762838067948e+00 2.072396643529630822e+01
8.110335603378299396e+00 2.156902663893919936e+01
8.137694099993948882e+00 2.235149814582394256e+01
8.116557743565744332e+00 2.312283753861456503e+01
8.176097949382313601e+00 2.384235157611914246e+01
8.145246092825365380e+00 2.464244979430523230e+01
8.889331285674421324e+00 3.771292236794493991e-01
8.930099573015374048e+00 1.135877009540987581e+00
8.919440206298295593e+00 1.902765589821057146e+00
8.999029417943923193e+00 2.676345711424718221e+00
8.953590058068540358e+00 3.434509150356085616e+00
8.934273456152574511e+00 4.303100071739657473e+00
9.010110410000132575e+00 5.095784881421050017e+00
8.898921627439014159e+00 5.846020428354637311e+00
9.027067788041504670e+00 6.546594108480270791e+00
8.889822638217736994e+00 7.421828024791466305e+00
8.969788025558642630e+00 8.224778207438076194e+00
8.901357716062459957e+00 9.004545305866974658e+00
8.911094881349450603e+00 9.692214225844665521e+00
8.905213454642039395e+00 1.058177821402352059e+01
8.984069756032175391e+00 1.132298578299591263e+01
8.935841702016860566e+00 1.216583027868283651e+01
8.941133294329755898e+00 1.294338726660068595e+01
8.948483172703955546e+00 1.366127383276108098e+01
8.952189592066698509e+00 1.443647496857809642e+01
8.997043025008389705e+00 1.525526695173068603e+01
8.915909611365046672e+00 1.610483625540580022e+01
8.939786747106492015e+00 1.683588832136246083e+01
9.022051093596997973e+00 1.763568649742129679e+01
8.897756852859895815e+00 1.847246389558818436e+01
8.978168235451240875e+00 1.916433352901698228e+01
8.901278958535396413e+00 2.002370461043996741e+01
8.976966291901003814e+00 2.076978355254336606e+01
9.020070832428665142e+00 2.159704369002502133e+01
8.903231400422445319e+00 2.230907108680136020e+01
8.918471838783695205e+00 2.316420831960498816e+01
8.884633492951953926e+00 2.392390521490877120e+01
8.999380593110146265e+00 2.475931020346443034e+01
9.720301901088181040e+00 3.505721176386910054e-01
9.683867189559398625e+00 1.141635070440788491e+00
9.686520795876775836e+00 1.858024579933373888e+00
9.791961335000134881e+00 2.606180549853613027e+00
9.702540219636620833e+00 3.483373952701875442e+00
9.779799299946606794e+00 4.257703240273555956e+00
9.775692529322562052e+00 5.029306299468911057e+00
9.706089658305351975e+00 5.785386982203196915e+00
9.695038608322288809e+00 6.661072217397034478e+00
9.758288772853504156e+00 7.368263061735694563e+00
9.739180268444624033e+00 8.241378796687278907e+00
9.690592091845369183e+00 8.971638760652965061e+00
9.746088282353424503e+00 9.762706344158743832e+00
9.669302506356311611e+00 1.059083757018217575e+01
9.813185071565161621e+00 1.132960806244888019e+01
9.776117936145780618e+00 1.217296119290790912e+01
9.777784662433850471e+00 1.283885130740069513e+01
9.757170554761742665e+00 1.369744417504349343e+01
9.733217989546956161e+00 1.450496283451124668e+01
9.813539065550735074e+00 1.532183143041887163e+01
9.737422455885551997e+00 1.598105166657105869e+01
9.821484679062457701e+00 1.688238137618890633e+01
9.686075931750707468e+00 1.768237768990879744e+01
9.803390136995584925e+00 1.840619128125081261e+01
9.759529810530167993e+00 1.917442365144794181e+01
9.675072154756499287e+00 1.995147621094296753e+01
9.792836284811556880e+00 2.068653562168588422e+01
9.718950837350089245e+00 2.153558268466850834e+01
9.751048082010871809e+00 2.240480307768045876e+01
9.720973175887285933e+00 2.310171392339527685e+01
9.782548583573404954e+00 2.390538140488845897e+01
9.701808759224100243e+00 2.469251305931378937e+01
1.047572200836946443e+01 2.490570481983990225e-01
1.053200112035382752e+01 1.074334070760715854e+00
1.059756283861975135e+01 1.852531684764166631e+00
1.054494423062441300e+01 2.682111281453138485e+00
1.045560970800487155e+01 3.474131044369081600e+00
1.048157469413949627e+01 4.308065262879062551e+00
1.047695077778823070e+01 5.009140829799608063e+00
1.046698407678141152e+01 5.887895043516393478e+00
1.053260360162633624e+01 6.611789641436186749e+00
1.046410752289211210e+01 7.423219583727353132e+00
1.048659159013891795e+01 8.233629191370020806e+00
1.048584133695329612e+01 8.909372776672215721e+00
1.045930201222899036e+01 9.740764086843121561e+00
1.054246531388134045e+01 1.046389219872291321e+01
1.057563144417650314e+01 1.131200159721194609e+01
1.053609756497801797e+01 1.209712652274382272e+01
1.051663624958295351e+01 1.290293692957368066e+01
1.047798620645618861e+01 1.363057449280054456e+01
1.058921012356599789e+01 1.453796914371651994e+01
1.051231449882081215e+01 1.521874948403034011e+01
1.055492637970988312e+01 1.602756847596640810e+01
1.045754469082653060e+01 1.677490402177893358e+01
1.056625627344436325e+01 1.764114673666198385e+01
1.045781382075538701e+01 1.835945884355589541e+01
1.048992403249515348e+01 1.921738182544392615e+01
1.045665120723358932e+01 1.991509838322853909e+01
1.057947066118132717e+01 2.071391283712338804e+01
1.055630325826829363e+01 2.151039780553251646e+01
1.046920238698921146e+01 2.229828000942184829e+01
1.056724718153082598e+01 2.318179996014060151e+01
1.058424106255118957e+01 2.389671792337219358e+01
1.055871791827305550e+01 2.465355881811706951e+01
1.128679228786044320e+01 3.623909288510665516e-01
1.124269191570104454e+01 1.021847794534509690e+00
1.127337048145524534e+01 1.799660553384007544e+00
1.126920661042703742e+01 2.674362671533292879e+00
1.130698554215778628e+01 3.510201224195342640e+00
1.136932659939624379e+01 4.210582860525343030e+00
1.128148343081111804e+01 5.003641901672781778e+00
1.133356901030555619e+01 5.773166147329535924e+00
1.133889827968721775e+01 6.582513834280426579e+00
1.132754807234056926e+01 7.373816047167107257e+00
1.128699977117950048e+01 8.241562972192751246e+00
1.136085149275805151e+01 8.901411364443234220e+00
1.137735882975425028e+01 9.743182717659921721e+00
1.138146499571752024e+01 1.057946108545235120e+01
1.130758199683257459e+01 1.124418226530974607e+01
1.128294017786446801e+01 1.211300564411435410e+01
1.134036689395972886e+01 1.285543522273916217e+01
1.126258250456372068e+01 1.373336966308324314e+01
1.139560911747849303e+01 1.447178606740764728e+01
1.126767080370773222e+01 1.521899547591659640e+01
1.124354020972747215e+01 1.610715413471016788e+01
1.125918146079044746e+01 1.684107743227450271e+01
1.128378675732108150e+01 1.762465769846054897e+01
1.134319133855345463e+01 1.845513354845455112e+01
1.127313986471586205e+01 1.911334385947913717e+01
1.126219360886244303e+01 2.004039003136189478e+01
1.137821237350016190e+01 2.077985083672874111e+01
1.133517813802955487e+01 2.157759287005760385e+01
1.126825199482846429e+01 2.240394613858431327e+01
1.130656774714429957e+01 2.310741019412443720e+01
1.132233285167033010e+01 2.384158690057619978e+01
1.126682138192031069e+01 2.473747109832776303e+01
1.204077604837014803e+01 3.162381385224507513e-01
1.206636463404015558e+01 1.069669761178220657e+00
1.207318791727228913e+01 1.851473640527385500e+00
1.214093367797739020e+01 2.629353353943260529e+00
1.211690498853705833e+01 3.444616966539728597e+00
1.213221662216031227e+01 4.304249326706607093e+00
1.214306296239954897e+01 4.977706743468479189e+00
1.203265076448706594e+01 5.772253178586551847e+00
1.212141871941345883e+01 6.526159934509777827e+00
1.210587958988200086e+01 7.399115906539173615e+00
1.208035839313505555e+01 8.213614566267082751e+00
1.204452256371912178e+01 8.891182979834539424e+00
1.214237293968624343e+01 9.744451536228588395e+00
1.213610979659894618e+01 1.052199862620600790e+01
1.206653038458731686e+01 1.136958771968548554e+01
1.215358546739898671e+01 1.213710060573450278e+01
1.207058284740910281e+01 1.290775244046197123e+01
1.208456621345378323e+01 1.361635227476883792e+01
1.217214484671792718e+01 1.441057015867369451e+01
1.217732768666598275e+01 1.524633897329144538e+01
1.205688544170104670e+01 1.604853150397439876e+01
1.216516050577667230e+01 1.686558894986060153e+01
1.215471027101818891e+01 1.764112460740478028e+01
1.213671966564022853e+01 1.845819596063350687e+01
1.206704451236234910e+01 1.918865786524446548e+01
1.206256458309934310e+01 2.005418773803301846e+01
1.217635514766679528e+01 2.069201299482188006e+01
1.213881312393150047e+01 2.161855521899962795e+01
1.205616798981359139e+01 2.234940557177731435e+01
1.217185751265256854e+01 2.305244052824189183e+01
1.213752938400530823e+01 2.388100203728961191e+01
1.217325978817540211e+01 2.477415368504538762e+01
1.296348453118946864e+01 2.959408186222071691e-01
1.295054090763960630e+01 1.141335518221004541e+00
1.286507130030409840e+01 1.925971210124364452e+00
1.282066442765843739e+01 2.676445064741690416e+00
1.285104655245045002e+01 3.388656980728809831e+00
1.282695263303066113e+01 4.266383523428558533e+00
1.286834160719961773e+01 5.057963285324526659e+00
1.282512706268060754e+01 5.780600543503656041e+00
1.289976508086424545e+01 6.642539646594003422e+00
1.286501652304220933e+01 7.403688707000405600e+00
1.295430875520621150e+01 8.189206850268696769e+00
1.285151103989669963e+01 8.883195993999866147e+00
1.295180911305279103e+01 9.669799829837092631e+00
1.295253368266770622e+01 1.053681332948557348e+01
1.296266614092719038e+01 1.136638910292178828e+01
1.297193285352911829e+01 1.208295076320659156e+01
1.293560899516077001e+01 1.287811041478751939e+01
1.289038042022848529e+01 1.370071698904856916e+01
1.295237239732997736e+01 1.454394604289330672e+01
1.293577981482770412e+01 1.524189360957988981e+01
1.288116845713264702e+01 1.607933553650818581e+01
1.285242685391449236e+01 1.676771334426068449e+01
1.287066310094474098e+01 1.758263633158941275e+01
1.286148334283307193e+01 1.836129051048785499e+01
1.282146499243307858e+01 1.911442660649996839e+01
1.297032533102941265e+01 1.996604944814938776e+01
1.287533916252061950e+01 2.079279608837232729e+01
1.284919609589617728e+01 2.162244550250571251e+01
1.293862463452735057e+01 2.227407502229947411e+01
1.288057400599453040e+01 2.318548701099688358e+01
1.296355781512200167e+01 2.390777159273868691e+01
1.291140153481768493e+01 2.464758469861062196e+01
1.375796460953382017e+01 2.577599323468130477e-01
1.375033971154127066e+01 1.110654053131701735e+00
1.369760501803254193e+01 1.876190965605179173e+00
1.363824737681234289e+01 2.610369574070543930e+00
1.363664428065362699e+01 3.399026410298836787e+00
1.372465716874211950e+01 4.211890685959149394e+00
1.361104104069772092e+01 5.096426478551197903e+00
1.374106048769746735e+01 5.877013907806213133e+00
1.375855323143595399e+01 6.545438994070679861e+00
1.366431164684661148e+01 7.424522701981804751e+00
1.371150260051943448e+01 8.116484258804467444e+00
1.373036340806303812e+01 8.914686128727835168e+00
1.363716870839788342e+01 9.750981780119994724e+00
1.369527570587185394e+01 1.054486518368543457e+01
1.361633728279035616e+01 1.137877448418181459e+01
1.364374607122041461e+01 1.204813009083419573e+01
1.374184163321808327e+01 1.296527675197939189e+01
1.373765105716952739e+01 1.372936898208572210e+01
1.370508325372640002e+01 1.447574786995395435e+01
1.361562888349573086e+01 1.524042747354145177e+01
1.366060386977484065e+01 1.600411607950807280e+01
1.371581581144516981e+01 1.682838301894143029e+01
1.361469372689126800e+01 1.757208045243596928e+01
1.370949363763415541e+01 1.833650059981653513e+01
1.373593192711477329e+01 1.918955855005897249e+01
1.367758911281787171e+01 1.999196612868188438e+01
1.373175622947466756e+01 2.074055835272782744e+01
1.370866834917703869e+01 2.156196038659030378e+01
1.364397090188473349e+01 2.239831336559397101e+01
1.372746577372392807e+01 2.315074983719784285e+01
1.373583351090257665e+01 2.397072244195754109e+01
1.371344552665707539e+01 2.475305242072305489e+01
1.449882776557890551e+01 3.283576440706537092e-01
1.448641366211903403e+01 1.126879264549718762e+00
1.441399977141387723e+01 1.934149977577121371e+00
1.452627730372247505e+01 2.587184733587374996e+00
1.451903179815342071e+01 3.389964030750657997e+00
1.444178645189627730e+01 4.273816783571065869e+00
1.441433897718437862e+01 5.072634808958096819e+00
1.452002628349786306e+01 5.810852985185575470e+00
1.439003751787026175e+01 6.563249873867533779e+00
1.448614849553785788e+01 7.459618985444316230e+00
1.448849193586584860e+01 8.133156176632034828e+00
1.448883702681051844e+01 8.964358988806882422e+00
1.451179501704314667e+01 9.683292436047597818e+00
1.450883277949064087e+01 1.053875422270772155e+01
1.454062583802683406e+01 1.129446245710544439e+01
1.448861918833850382e+01 1.217446119854480102e+01
1.440516927330950026e+01 1.296237661347464076e+01
1.449731878467186874e+01 1.361261434994945851e+01
1.443640974860323922e+01 1.450051225137383781e+01
1.439963454629572759e+01 1.526777393050516807e+01
1.444348094573969021e+01 1.606096992666790868e+01
1.439623293951629179e+01 1.688751934238785779e+01
1.454227826353502095e+01 1.768993948173529418e+01
1.450704196577114402e+01 1.834499422102701516e+01
1.450839756116559975e+01 1.911548335975222201e+01
1.439251493327295073e+01 1.994965218933708684e+01
1.446595415384434702e+01 2.080708349028715887e+01
1.449659617541418477e+01 2.154309694216511417e+01
1.443210639133724271e+01 2.241696669550869458e+01
1.445612144370682373e+01 2.311815382834609167e+01
1.441478981443275309e+01 2.395931195477095343e+01
1.449823126651011762e+01 2.465604373259384374e+01
1.518909740330984803e+01 3.284140836814387066e-01
1.527916176534490056e+01 1.051403435217782567e+00
1.532581336076716028e+01 1.819263306835186667e+00
1.524418689771251145e+01 2.731124054529608713e+00
1.524220223569675703e+01 3.470193762083894296e+00
1.523871808587285237e+01 4.199940973789081156e+00
1.533102615877561092e+01 5.008308062929592630e+00
1.531687755206303692e+01 5.767167047637047794e+00
1.520967583727878569e+01 6.522965623370206245e+00
1.527871400347852493e+01 7.363174469592642879e+00
1.531219575029733626e+01 8.166750462730799853e+00
1.532854141703947803e+01 8.908560145697780541e+00
1.531286713095559193e+01 9.788702988439473174e+00
1.529748705167299860e+01 1.058653361784549674e+01
1.529592893792909081e+01 1.133922436030842817e+01
1.519678951622871033e+01 1.203286218567475174e+01
1.532108830636582297e+01 1.291191140435036111e+01
1.530151941870850685e+01 1.367773642178649141e+01
1.519459561168182127e+01 1.440873892470801287e+01
1.528405027747346345e+01 1.524386750861643058e+01
1.520769550536443937e+01 1.604061230284187545e+01
1.518623676170730974e+01 1.684193614326910549e+01
1.521847380044010478e+01 1.766297059390675628e+01
1.522498601159829157e+01 1.839617659121029547e+01
1.517795833015327389e+01 1.912301744556249616e+01
1.523791511468595417e+01 1.997426133914256496e+01
1.527058387983297294e+01 2.073171978658391268e+01
1.528553263239669313e+01 2.160830313865429986e+01
1.529889267179998491e+01 2.226623676992580414e+01
1.525177012589090886e+01 2.306361481518324652e+01
1.521423160249706719e+01 2.398951333726269652e+01
1.519856058868901094e+01 2.469982497383363196e+01
1.606053548333781578e+01 3.318719050404911886e-01
1.605132534114245502e+01 1.009925217271148812e+00
1.601461713497517891e+01 1.876981703861851258e+00
1.597705769405892617e+01 2.637776110461315771e+00
1.596845261841618679e+01 3.382047195681177065e+00
1.602570921251173175e+01 4.177666221926778611e+00
1.605256772062955761e+01 5.052406098367414167e+00
1.608925364811781478e+01 5.762475264255311203e+00
1.598959080649755471e+01 6.534525518091349738e+00
1.606341224573460735e+01 7.416374243395356558e+00
1.596819807699190541e+01 8.239635992311908907e+00
1.597140709239416445e+01 8.964565358589329236e+00
1.607484565596517356e+01 9.803559010447770561e+00
1.607563691060665079e+01 1.057975590468969607e+01
1.601666183676157473e+01 1.136891440500267514e+01
1.597583743388248756e+01 1.216860339617985076e+01
1.604942744502032781e+01 1.294349719733603088e+01
1.603442945898223471e+01 1.370324706943738668e+01
1.604609177372155315e+01 1.450419860858599996e+01
1.597607594555836030e+01 1.518562961838303060e+01
1.600212463812804486e+01 1.598834122706297656e+01
1.610046141306354528e+01 1.678483110510668652e+01
1.611684588543216989e+01 1.759045327302719031e+01
1.599189469124389618e+01 1.844882995854371899e+01
1.606691915949819816e+01 1.919003855149326654e+01
1.605065077834114717e+01 2.001192595735382795e+01
1.599918900444182768e+01 2.084264869388247732e+01
1.611667711713794304e+01 2.157527707578622511e+01
1.599463765033981133e+01 2.236708109106660203e+01
1.597459123341349319e+01 2.305192207131497639e+01
1.600379008051401897e+01 2.390701935577057213e+01
1.609990870407718688e+01 2.473576080840192049e+01
1.686723896204696516e+01 2.882712087776325149e-01
1.680477944398803558e+01 1.066795779463382443e+00
1.690579773777522377e+01 1.801797834002997201e+00
1.688681011938959742e+01 2.673675354639782675e+00
1.681936913695629698e+01 3.483847012349221117e+00
1.682693369142427642e+01 4.294267916188339029e+00
1.689211048697983486e+01 5.010258003972336560e+00
1.679390063388732202e+01 5.824215148501147965e+00
1.689394622989062711e+01 6.551226822011213535e+00
1.684838957831579975e+01 7.404581092711337575e+00
1.686572875965763174e+01 8.112969364626483326e+00
1.686300728476285826e+01 9.022454151640268094e+00
1.677860817971892615e+01 9.703845529858984520e+00
1.690323896964268258e+01 1.048203766223297606e+01
1.688481933082720943e+01 1.131813922385375371e+01
1.678924153687378862e+01 1.216481482316805973e+01
1.682042224659396723e+01 1.289588092539280240e+01
1.680687286589260765e+01 1.369527742435491646e+01
1.677606440316822045e+01 1.445059606125356666e+01
1.690292684299987513e+01 1.521676423069617634e+01
1.685370564267617510e+01 1.601441701656182204e+01
1.687208222107582500e+01 1.677092462788082372e+01
1.690299118387042654e+01 1.760885461167587351e+01
1.678748149229453901e+01 1.833608593957969290e+01
1.677704576054281205e+01 1.919343538286945972e+01
1.680337340325757012e+01 2.002919196211313135e+01
1.681815261662805128e+01 2.072495889194282270e+01
1.684747314627831116e+01 2.158416363930325588e+01
1.677661821001795417e+01 2.228638650888667527e+01
1.675609537301405538e+01 2.316302070430710813e+01
1.685481826112240000e+01 2.390890963463416341e+01
1.688321134809579505e+01 2.474811839827084725e+01
1.762956546123406554e+01 3.579730273840226462e-01
1.756982274532191468e+01 1.026005411053577676e+00
1.757988316465170442e+01 1.804470447023092117e+00
1.762103571924660983e+01 2.730020508980625760e+00
1.754361278962781512e+01 3.388899883237706856e+00
1.760860423412977838e+01 4.303784196307618437e+00
1.758718844491246713e+01 5.023719544077397181e+00
1.754396372748922062e+01 5.754319832925643752e+00
1.769273403225932384e+01 6.669992878664769975e+00
1.753819700345031762e+01 7.454994887511785961e+00
1.763802920311417921e+01 8.228885202492183026e+00
1.760900420953203849e+01 8.960519632886022379e+00
1.761437326811786264e+01 9.771428954091128105e+00
1.755940316526486100e+01 1.045826681027673111e+01
1.758589348757951498e+01 1.135157555232757431e+01
1.756919499504386906e+01 1.213375323466534006e+01
1.769010228338720481e+01 1.282962049977588137e+01
1.764329994635285459e+01 1.367179035710342916e+01
1.767408174843103552e+01 1.441691906362913578e+01
1.764645208538269827e+01 1.530806460043492834e+01
1.768611991583977883e+01 1.607078227025978734e+01
1.761568428543100140e+01 1.684758369458651117e+01
1.767420181691148429e+01 1.762724437301926983e+01
1.754220286617162827e+01 1.847106547206690408e+01
1.764596421113012781e+01 1.921810920395460798e+01
1.757137079818389580e+01 2.000243100305597821e+01
1.759942123547071802e+01 2.078832312670846605e+01
1.755419916090009380e+01 2.157646080924073573e+01
1.769474641876647780e+01 2.226758950805288606e+01
1.769124548448386847e+01 2.311115196284927720e+01
1.767449280121437738e+01 2.395735616652271815e+01
1.762667868882628497e+01 2.473753652068214492e+01
1.846281148190808352e+01 2.849098312792593957e-01
1.837599747833640507e+01 1.113479216824202922e+00
1.845168671602171884e+01 1.915482305087415460e+00
1.845010743891710092e+01 2.651149889557648187e+00
1.845325906370755220e+01 3.388600651297049904e+00
1.841022925154996415e+01 4.157680718168736078e+00
1.837561222096494618e+01 5.001559106134592980e+00
1.838688137855010041e+01 5.840447740924080477e+00
1.838568269465158878e+01 6.588697576722513105e+00
1.836191017286021676e+01 7.363918346553262495e+00
1.836029276713045633e+01 8.103780519612579170e+00
1.841951061728067884e+01 8.984544466353176162e+00
1.842203589962990051e+01 9.739414546249895110e+00
1.838430176152498774e+01 1.058945381322291901e+01
1.840622964875692702e+01 1.131607766331719489e+01
1.832855268648823710e+01 1.208146094834889084e+01
1.838436627805403134e+01 1.287762113454118840e+01
1.841584648909126898e+01 1.368593485251700415e+01
1.842021215654296640e+01 1.450943968762340575e+01
1.845249581951401652e+01 1.528917550361242839e+01
1.847493405278258294e+01 1.596609596785356722e+01
1.835533537323018294e+01 1.675151312354494593e+01
1.842644118080885107e+01 1.767878674447986498e+01
1.836284495507394610e+01 1.847044930898728765e+01
1.833400338272945262e+01 1.925871121970357436e+01
1.837986834560417293e+01 1.991467527880103816e+01
1.840100174789771614e+01 2.072622805324116158e+01
1.836936063747013392e+01 2.152127661383355672e+01
1.845092794778785006e+01 2.234487442032823168e+01
1.837352198618971855e+01 2.314317512459862058e+01
1.843725210613578014e+01 2.387710984269611458e+01
1.838961676178850624e+01 2.464047755275755591e+01
1.914012931695900477e+01 3.285114557209392050e-01
1.914017481086305139e+01 1.091057977815975688e+00
1.922323050829694679e+01 1.812308367248462782e+00
1.920091882683190221e+01 2.622968593047181773e+00
1.926319623068255993e+01 3.445796863096555196e+00
1.923849173041621441e+01 4.243390500829759659e+00
1.911844687613972482e+01 5.043541248803187216e+00
1.926138220354736674e+01 5.825673086526260036e+00
1.924056908496782725e+01 6.657255727133554402e+00
1.914751707377776313e+01 7.338541252217810396e+00
1.920779313630944429e+01 8.156961901053442432e+00
1.924382332767708093e+01 9.021035898134911690e+00
1.916724826874184373e+01 9.703739623477272147e+00
1.923448272627064526e+01 1.049680817591854520e+01
1.924110831852731351e+01 1.130734976380019141e+01
1.921669817769491218e+01 1.204278104295203633e+01
1.920982043562650432e+01 1.288595568620121412e+01
1.920395642904181344e+01 1.362838417205790087e+01
1.922761109275250035e+01 1.452485321736809532e+01
1.914573194272396606e+01 1.519119635583672157e+01
1.911533407419051755e+01 1.606428454587622667e+01
1.920718125471332982e+01 1.683638333464660164e+01
1.914812586545309259e+01 1.759895552451673595e+01
1.920519498437769101e+01 1.840271684745912140e+01
1.926710946253705004e+01 1.913309116104763774e+01
1.922104211044361932e+01 1.996235727704351248e+01
1.917901981034957970e+01 2.079877022891650995e+01
1.922061575543428447e+01 2.162894610481505353e+01
1.913182464943664840e+01 2.227638887383853827e+01
1.922563785250284596e+01 2.313814606951584807e+01
1.915477109847779857e+01 2.384669569421503965e+01
1.912509716961388762e+01 2.476205327317293126e+01
1.992891330789120730e+01 2.721952652620561741e-01
1.993438978202798850e+01 1.064270386208382213e+00
1.990963833395486660e+01 1.877193928375237242e+00
1.990935320355903215e+01 2.708572250263648673e+00
1.993550048257170459e+01 3.454685746557096593e+00
2.003725115959031911e+01 4.259234889062913254e+00
1.998260754833453134e+01 4.994927377909774258e+00
1.995113062373303237e+01 5.836357946495714266e+00
2.005520645428255833e+01 6.622250814402094399e+00
1.998651558312147358e+01 7.420179822257015445e+00
1.997194204477240476e+01 8.101725633286832817e+00
1.998722607940271700e+01 9.030103593173748777e+00
1.992630575350662525e+01 9.775071737651767734e+00
1.993034052905342435e+01 1.053789803549124571e+01
1.991392842175083899e+01 1.131154226351419112e+01
2.001774442080673566e+01 1.208245642058987812e+01
2.000337965211282665e+01 1.294005792931141485e+01
2.004466541158257087e+01 1.363887268901466321e+01
1.996156973126288392e+01 1.441302548855007792e+01
2.005494579001718947e+01 1.532205692656356533e+01
1.998370938050868162e+01 1.609577814440505961e+01
1.998071854609959885e+01 1.684848703733720754e+01
1.991273958802342392e+01 1.765631353716207386e+01
1.991881425161741603e+01 1.845455516243975325e+01
2.002181603444617508e+01 1.922318303628986058e+01
1.990440202119228275e+01 1.994642794764558502e+01
1.994012868842467512e+01 2.074249889253099965e+01
1.991250634207121095e+01 2.162039852181908373e+01
1.998588886886052762e+01 2.230809543987132670e+01
1.996120225172008134e+01 2.311749510960205001e+01
1.999325484989676838e+01 2.391537147119867157e+01
2.004343976868665678e+01 2.469952199343807919e+01
2.084199132620444317e+01 3.553210901224537754e-01
2.071863004226011995e+01 1.154880795079429312e+00
2.070412477489293579e+01 1.924166276691516408e+00
2.074572392490856743e+01 2.720790796250707189e+00
2.082245537573304262e+01 3.496545675889482840e+00
2.081017253319930305e+01 4.204736587058014230e+00
2.069854471294484100e+01 5.007307847495933828e+00
2.071312256881077829e+01 5.840366493994967101e+00
2.074028924727433321e+01 6.671644444522462969e+00
2.078670786249822910e+01 7.434635650017279218e+00
2.070666840009613452e+01 8.227955828177108799e+00
2.083106629321629910e+01 8.956027811736657185e+00
2.078124239794273365e+01 9.786847478335696238e+00
2.071332943551712091e+01 1.053266201461747009e+01
2.074856372824286410e+01 1.126368726070166915e+01
2.074366348325105136e+01 1.203847357644519889e+01
2.068986974535204482e+01 1.283611649971211399e+01
2.083741941111468066e+01 1.368844206887637682e+01
2.083784555311056863e+01 1.445711579504035527e+01
2.073489234611148291e+01 1.525580555776323699e+01
2.075499409808156415e+01 1.597985947287732955e+01
2.078668491663509954e+01 1.678433117195634949e+01
2.078334158773875373e+01 1.763977359131945022e+01
2.070973810591186037e+01 1.833417374775161335e+01
2.080871343677464225e+01 1.918399438929013456e+01
2.069496255877634283e+01 2.005532089121898309e+01
2.069490223024716613e+01 2.079521844892999027e+01
2.084065655339630396e+01 2.151055480350237659e+01
2.070819925545785267e+01 2.227910833885101383e+01
2.073354782968160492e+01 2.306300334057199919e+01
2.079476604346668722e+01 2.384399948306047179e+01
2.076599935436680155e+01 2.477818969828395268e+01
2.160103790048997752e+01 3.181377696312042702e-01
2.152111347320769852e+01 1.106600376809780295e+00
2.155586975302867359e+01 1.862557642367258293e+00
2.149347956898361645e+01 2.722149308721724559e+00
2.154370803504025744e+01 3.400314769602752030e+00
2.153079566555745572e+01 4.221966232011005182e+00
2.160317370743117138e+01 5.059356070230309754e+00
2.159400670583773163e+01 5.732704276464895443e+00
2.153841391971345942e+01 6.593837401934849574e+00
2.147592446164182078e+01 7.346060918021797725e+00
2.159258755925277384e+01 8.113841785934113204e+00
2.155717140133834420e+01 8.913231778562712648e+00
2.147481127033103832e+01 9.704421390744700560e+00
2.162652464270842145e+01 1.057972584212867595e+01
2.162395916207376345e+01 1.131744283014066532e+01
2.149017782740471461e+01 1.211400136471585753e+01
2.154443101266621241e+01 1.294775685689578459e+01
2.148834332239442091e+01 1.367879408866665258e+01
2.149652378979698852e+01 1.444014253300720796e+01
2.158897750121459325e+01 1.525106349907482439e+01
2.153207531714552658e+01 1.602532400772328103e+01
2.154522903967164993e+01 1.687389937851370192e+01
2.161333462200091304e+01 1.768780752484319763e+01
2.159677704919115371e+01 1.837416727907259073e+01
2.158122894728072083e+01 1.918050010469000810e+01
2.151299331082531197e+01 2.003107913895479086e+01
2.147895227686890607e+01 2.082776124263292772e+01
2.154554871056027920e+01 2.157321107118788461e+01
2.157669829485045909e+01 2.240090885724670500e+01
2.157312735641857770e+01 2.314374180302029416e+01
2.148339554703019871e+01 2.391580100474492099e+01
2.149654273303184482e+01 2.473737667068905921e+01
2.234063364430857490e+01 3.283713407269923668e-01
2.226656012112708183e+01 1.021735001235597240e+00
2.237276316560470235e+01 1.806831340634629690e+00
2.227121718811272189e+01 2.584486753520846225e+00
2.241057183302262601e+01 3.485775509489030366e+00
2.231560860882225938e+01 4.203454633441411126e+00
2.231505005681160370e+01 5.065816426844004461e+00
2.236411253490398465e+01 5.760121108748168517e+00
2.228740817923968720e+01 6.533553895825850333e+00
2.236394442813362815e+01 7.425488341665872127e+00
2.230172343774922439e+01 8.095555206768736412e+00
2.227293541088015871e+01 9.031714740969151833e+00
2.230650872626095804e+01 9.787542224562905346e+00
2.235833413600028052e+01 1.051367307875826107e+01
2.229237915611336263e+01 1.125975373292315673e+01
2.235681494464611418e+01 1.214968428546814039e+01
2.236136299217034207e+01 1.289831852936309176e+01
2.226660393452729991e+01 1.375439436240840507e+01
2.238573307275078150e+01 1.443512811416453800e+01
2.241426629700874429e+01 1.527087684378791010e+01
2.235168459909843008e+01 1.608098700372955037e+01
2.238778827631870172e+01 1.685366501947670059e+01
2.228016474975054706e+01 1.759066920739526196e+01
2.240609832789648692e+01 1.835987497373541899e+01
2.231858629278474027e+01 1.917963016737959947e+01
2.232917084999060719e+01 1.999519823105075034e+01
2.240845838994174599e+01 2.072369614302395391e+01
2.227912666826930277e+01 2.150398890291988607e+01
2.239961914558132605e+01 2.236166312147604174e+01
2.230500726230603448e+01 2.317554261490860767e+01
2.239559630910495258e+01 2.396745128944543524e+01
2.240465682206970754e+01 2.466099794124019340e+01
2.316595498749296311e+01 2.937881531192839679e-01
2.317964364316462778e+01 1.123065629178989333e+00
2.316932463028769718e+01 1.898776444125278129e+00
2.307502749661329489e+01 2.668378431103775483e+00
2.320210284931869538e+01 3.517240444016319856e+00
2.305389315582868903e+01 4.182719235508375988e+00
2.306783343272445919e+01 5.058154256797684489e+00
2.317583201321619057e+01 5.764578563470839967e+00
2.312672777876144892e+01 6.650407444409504265e+00
2.316245392059546049e+01 7.390519921380651169e+00
2.314002892675609147e+01 8.172283853837141621e+00
2.309393665943341389e+01 8.968300236295224437e+00
2.315554065400014139e+01 9.803929542883894399e+00
2.314726134862641160e+01 1.057336364841195397e+01
2.307229514769607448e+01 1.131330324113447006e+01
2.304856575176632916e+01 1.206657396318921016e+01
2.316145590870165805e+01 1.297096879234144673e+01
2.306270932664469697e+01 1.366513846004525945e+01
2.317304342991135258e+01 1.442115141603190409e+01
2.313447788879339129e+01 1.529152864272983159e+01
2.314406480636353791e+01 1.599282453886848820e+01
2.310304118371568904e+01 1.687370657768673254e+01
2.313434275448271649e+01 1.753824259722868817e+01
2.316689144867538985e+01 1.833007481974543040e+01
2.316448970515252981e+01 1.914348726237439635e+01
2.319791608332201704e+01 1.995663067310819727e+01
2.309856213831386640e+01 2.070924431243942720e+01
2.309520479263200698e+01 2.161090502315230921e+01
2.320393908282648354e+01 2.231797904867333315e+01
2.311771677029219774e+01 2.316076471543320281e+01
2.318660114221514590e+01 2.392755020486552908e+01
2.310873049700347792e+01 2.468624498655939448e+01
2.394369730822272047e+01 2.217969395609316052e-01
2.393172890215496551e+01 1.064348577127542494e+00
2.395921557989135664e+01 1.810122397494738022e+00
2.392678796976477784e+01 2.658295087182072969e+00
2.393530801827153098e+01 3.379886630357318289e+00
2.392549422202094078e+01 4.245162735136854160e+00
2.392245229873389789e+01 5.038871606870666930e+00
2.394068269463434007e+01 5.857688590917487836e+00
2.387666855207179495e+01 6.647943261989635033e+00
2.391262863643372683e+01 7.317291754908887391e+00
2.384341059789388950e+01 8.144873645007637109e+00
2.395775152413883546e+01 8.990757514888246149e+00
2.395833680734197557e+01 9.747879774046291246e+00
2.390348939064589473e+01 1.047676026872021460e+01
2.388585743992301147e+01 1.130896820990091811e+01
2.384814097086569262e+01 1.206247052674937770e+01
2.392836578822680593e+01 1.293064632249958734e+01
2.399135276953540341e+01 1.374882558248246944e+01
2.393534574753973132e+01 1.445534485484112963e+01
2.393434017870245611e+01 1.529980580310424187e+01
2.385282195521632431e+01 1.602775276973283169e+01
2.396639468238392823e+01 1.681074531630429902e+01
2.392421731237382687e+01 1.762994562841959478e+01
2.386323368113845333e+01 1.838153899855687712e+01
2.388685209964711476e+01 1.911573677218181899e+01
2.383800180025128057e+01 2.002963488945605519e+01
2.387718017911829804e+01 2.076736207674985124e+01
2.388121873545526341e+01 2.162098434568267180e+01
2.387501187687951187e+01 2.232763629826341756e+01
2.397157818136660623e+01 2.317963341309496883e+01
2.386348951351902414e+01 2.396054514038074146e+01
2.390632103249292939e+01 2.469731897083149974e+01
2.464230265372225048e+01 2.339785608753151003e-01
2.473588205864619027e+01 1.086539691080447012e+00
2.469005907834716140e+01 1.910322585671731854e+00
2.474179686926053634e+01 2.607595866394400996e+00
2.471735157191777077e+01 3.390984771661777142e+00
2.473957130386521541e+01 4.260191650405923625e+00
2.477187997906088057e+01 4.954726294187719482e+00
2.463027183997477820e+01 5.775389449177509071e+00
